827339 236674 1 0
856203 562408 2 0
327658 818571 3 0
417051 168146 4 0
734688 808829 5 0
235492 559845 6 0
282330 374925 7 0
608889 478769 8 0
664159 550946 8 -1
665845 557965 8 -1
597173 575538 8 -1
618600 551446 8 -1
635690 608046 8 -1
588100 557588 8 -1
582015 546191 8 -1
604678 574577 8 -1
572029 518313 8 -1
604737 574591 8 -1
577728 587566 8 -1
602013 574722 8 -1
627968 574625 8 -1
607269 536961 8 -1
603145 574795 8 -1
671919 571761 8 -1
612184 570393 8 -1
600032 575310 8 -1
627912 593892 8 -1
601967 604428 8 -1
591851 569051 8 -1
601444 572693 8 -1
629718 558104 8 -1
661430 603567 8 -1
597551 556737 8 -1
601182 582584 8 -1
562704 570596 8 -1
605107 563429 8 -1
607214 575069 8 -1
568824 570203 8 -1
612485 518009 8 -1
589244 573777 8 -1
625579 551084 8 -1
560237 500154 8 -1
626224 569687 8 -1
610666 551701 8 -1
597428 569940 8 -1
600582 599535 8 -1
604168 555003 8 -1
613871 550423 8 -1
617310 551945 8 -1
625728 579460 8 -1
606300 566708 8 -1
638559 558807 8 -1
582176 630383 8 -1
544056 577786 8 -1
631297 578351 8 -1
561574 621747 8 -1
604973 574773 8 -1
605284 556134 8 -1
617910 592293 8 -1
555904 640401 8 -1
526559 509417 8 -1
603849 572396 8 -1
598634 619900 8 -1
603359 589262 8 -1
657455 567754 8 -1
614279 599251 8 -1
578496 631434 8 -1
645171 595209 8 -1
688015 533535 8 -1
656477 573007 8 -1
540029 563888 8 -1
597418 538362 8 -1
613545 574733 8 -1
628696 542447 8 -1
604157 574191 8 -1
603126 497987 8 -1
605850 533310 8 -1
596179 529556 8 -1
610330 552628 8 -1
598184 531473 8 -1
620438 511694 8 -1
600202 622079 8 -1
603021 577991 8 -1
515612 540643 8 -1
606548 574376 8 -1
593490 623110 8 -1
607084 595500 8 -1
583728 563146 8 -1
616044 533807 8 -1
624452 584622 8 -1
604438 574666 8 -1
625709 660145 8 -1
601376 579831 8 -1
565148 557305 8 -1
639418 537903 8 -1
612799 537497 8 -1
583653 652182 8 -1
599808 596484 8 -1
605250 573272 8 -1
606738 601356 8 -1
611044 571814 8 -1
575440 568511 8 -1
616329 529516 8 -1
605927 572533 8 -1
609286 586782 8 -1
647354 579190 8 -1
606929 571420 8 -1
562920 559223 8 -1
680357 620811 8 -1
707100 601463 2 -1
604294 574368 8 -1
614917 600946 8 -1
611508 503220 8 -1
603789 574474 8 -1
551740 588768 8 -1
546031 570429 8 -1
569197 559307 8 -1
688712 568754 8 -1
604067 574091 8 -1
606809 572101 8 -1
588597 622592 8 -1
613840 534167 8 -1
576263 547239 8 -1
597077 568196 8 -1
601339 571609 8 -1
606011 569426 8 -1
593398 559764 8 -1
593166 622725 8 -1
609796 532982 8 -1
712648 607541 2 -1
585048 505097 8 -1
525967 565687 8 -1
660327 585901 8 -1
607604 573951 8 -1
604001 573587 8 -1
591484 571087 8 -1
613868 585089 8 -1
645464 660478 5 -1
538571 654649 8 -1
555429 604551 8 -1
597620 586226 8 -1
586097 567445 8 -1
545235 539822 8 -1
649088 575733 8 -1
599123 616977 8 -1
563763 559454 8 -1
617717 613939 8 -1
618869 577243 8 -1
567188 560044 8 -1
636628 533309 8 -1
560362 567914 8 -1
595014 632844 8 -1
605876 550640 8 -1
604352 573425 8 -1
600679 599545 8 -1
596891 579476 8 -1
614943 540976 8 -1
604415 571400 8 -1
603698 573585 8 -1
658199 568743 8 -1
598759 582942 8 -1
671269 590258 8 -1
593317 534085 8 -1
657985 453405 8 -1
608557 590278 8 -1
623004 508050 8 -1
601900 569391 8 -1
641031 593074 8 -1
589658 640498 8 -1
567565 573952 8 -1
559078 570088 8 -1
639431 588155 8 -1
566609 537592 8 -1
568570 579335 8 -1
660650 615038 8 -1
667639 571164 8 -1
596796 529933 8 -1
606111 617846 8 -1
616060 590779 8 -1
602873 527864 8 -1
571334 594145 8 -1
602167 543919 8 -1
605100 573307 8 -1
546640 560043 8 -1
585195 555011 8 -1
651740 589474 8 -1
589112 536573 8 -1
582057 543124 8 -1
690968 555952 8 -1
609030 552436 8 -1
632125 541413 8 -1
603445 630598 8 -1
628264 616214 8 -1
577242 574073 8 -1
604090 574392 8 -1
607911 576556 8 -1
600665 638890 8 -1
600117 539079 8 -1
631182 565466 8 -1
695646 652231 5 -1
619445 567491 8 -1
613191 571942 8 -1
567428 580005 8 -1
590583 623314 8 -1
606289 670243 5 -1
585175 574133 8 -1
634967 579020 8 -1
614615 574437 8 -1
593061 579188 8 -1
606933 576409 8 -1
606587 573873 8 -1
594084 629464 8 -1
683697 581516 8 -1
601530 577183 8 -1
603055 589818 8 -1
616561 619007 8 -1
607463 477085 8 -1
611581 572630 8 -1
579712 568354 8 -1
602887 595245 8 -1
600039 557139 8 -1
605913 579526 8 -1
579773 568698 8 -1
606324 544357 8 -1
605958 573728 8 -1
606144 575076 8 -1
667472 570571 8 -1
580048 565009 8 -1
597802 576113 8 -1
610263 574422 8 -1
603855 575180 8 -1
624369 532153 8 -1
599870 591110 8 -1
577167 617095 8 -1
658403 611332 8 -1
563460 480559 8 -1
610980 522819 8 -1
569422 567790 8 -1
627727 578737 8 -1
592804 584539 8 -1
540783 626497 8 -1
591823 639096 8 -1
637323 549567 8 -1
638078 629421 8 -1
611315 560757 8 -1
647103 573853 8 -1
522993 595581 8 -1
601187 531825 8 -1
533799 564377 8 -1
649034 528813 8 -1
620975 564344 8 -1
622407 583192 8 -1
597026 642918 8 -1
551291 576721 8 -1
608768 610525 8 -1
697959 614701 8 -1
658281 582264 8 -1
546632 599204 8 -1
672565 564468 8 -1
636500 587401 8 -1
696144 548705 8 -1
533551 582247 8 -1
526802 551524 8 -1
553038 606418 8 -1
696601 603624 8 -1
588964 597435 8 -1
716139 621721 2 -1
608529 586311 8 -1
557378 567033 8 -1
589994 610890 8 -1
589344 563119 8 -1
624415 515911 8 -1
565483 551512 8 -1
584895 574666 8 -1
582777 542670 8 -1
639394 576728 8 -1
608298 573748 8 -1
663578 586265 8 -1
628080 562986 8 -1
597421 554767 8 -1
595193 576508 8 -1
658103 572250 8 -1
659529 498474 8 -1
606415 581386 8 -1
641976 577433 8 -1
587466 564953 8 -1
589180 595099 8 -1
601885 573083 8 -1
580561 528916 8 -1
621726 578003 8 -1
558817 576255 8 -1
620213 574468 8 -1
594010 570095 8 -1
541976 512639 8 -1
593840 578685 8 -1
602667 575857 8 -1
631446 561156 8 -1
596481 567449 8 -1
611318 581584 8 -1
568546 564911 8 -1
593865 572987 8 -1
597017 575588 8 -1
578804 573582 8 -1
673750 594081 8 -1
592714 553958 8 -1
594029 586701 8 -1
668502 563937 8 -1
629533 537542 8 -1
801539 318482 1 -1
801667 318542 1 -1
814045 332998 1 -1
800479 321640 1 -1
757470 224976 1 -1
844536 424646 2 -1
797105 316002 1 -1
779956 271501 1 -1
797205 313318 1 -1
801323 316240 1 -1
783666 262902 1 -1
806131 312752 1 -1
830658 368694 1 -1
802482 335269 1 -1
801910 325434 1 -1
808062 337340 1 -1
789833 304422 1 -1
803603 327255 1 -1
800865 312968 1 -1
802237 318526 1 -1
803959 315173 1 -1
800123 312312 1 -1
780927 285057 1 -1
797242 324588 1 -1
801551 320544 1 -1
809182 319115 1 -1
801931 317202 1 -1
870801 476330 2 -1
820327 352701 1 -1
801093 317509 1 -1
798523 324500 1 -1
805237 318655 1 -1
803375 311620 1 -1
801441 323812 1 -1
797313 317527 1 -1
788220 301915 1 -1
790395 300024 1 -1
817135 349925 1 -1
797787 301470 1 -1
804630 332333 1 -1
808710 330379 1 -1
802111 320817 1 -1
796375 309563 1 -1
819768 346596 1 -1
814605 354382 1 -1
800565 319364 1 -1
802089 313456 1 -1
814401 341234 1 -1
796609 319691 1 -1
776131 248465 1 -1
803464 329093 1 -1
802646 317894 1 -1
809550 327365 1 -1
795322 311178 1 -1
830450 393096 1 -1
778414 260729 1 -1
800041 318331 1 -1
802814 320130 1 -1
802738 312234 1 -1
823913 369439 1 -1
803386 318982 1 -1
812869 346251 1 -1
798904 324420 1 -1
800447 331643 1 -1
807446 342555 1 -1
804251 329956 1 -1
797594 302109 1 -1
803448 314797 1 -1
765502 240340 1 -1
795527 315510 1 -1
794640 313497 1 -1
808717 335740 1 -1
790932 305223 1 -1
816852 352965 1 -1
826228 376658 1 -1
795299 312036 1 -1
808686 332209 1 -1
809594 344872 1 -1
799275 324108 1 -1
878184 487392 2 -1
798472 322218 1 -1
824822 367091 1 -1
746769 205186 1 -1
756701 207223 1 -1
795489 287279 1 -1
800483 320713 1 -1
783491 288029 1 -1
797162 306135 1 -1
800272 316170 1 -1
806827 324616 1 -1
802853 314938 1 -1
800804 316615 1 -1
813173 354777 1 -1
801588 319814 1 -1
797400 315778 1 -1
823840 368410 1 -1
811391 343836 1 -1
801055 321833 1 -1
804038 306622 1 -1
803780 334441 1 -1
834173 386159 1 -1
802784 313853 1 -1
807293 347456 1 -1
817119 336333 1 -1
786635 269352 1 -1
824624 381716 1 -1
797415 319840 1 -1
800772 325023 1 -1
806626 318966 1 -1
800845 311838 1 -1
769386 259892 1 -1
797272 324228 1 -1
807409 325526 1 -1
795836 291870 1 -1
798321 319665 1 -1
805372 313397 1 -1
790738 308028 1 -1
800667 315995 1 -1
795205 316433 1 -1
809054 345541 1 -1
808452 320117 1 -1
779897 279572 1 -1
782642 275308 1 -1
797569 321799 1 -1
801751 318110 1 -1
787644 297715 1 -1
807401 314610 1 -1
800677 310656 1 -1
800394 301473 1 -1
795571 310093 1 -1
814158 335578 1 -1
811913 325091 1 -1
806982 316680 1 -1
775604 274485 1 -1
800133 327081 1 -1
806511 313841 1 -1
803796 314893 1 -1
802012 318315 1 -1
826789 377676 1 -1
814108 344096 1 -1
804354 309671 1 -1
807017 330432 1 -1
803774 334756 1 -1
817410 346944 1 -1
841928 398948 1 -1
816145 349032 1 -1
818622 370753 1 -1
786245 292352 1 -1
784164 285702 1 -1
805390 319676 1 -1
790774 303642 1 -1
803277 319525 1 -1
833182 379714 1 -1
773023 251826 1 -1
801609 320399 1 -1
778965 282290 1 -1
814317 333112 1 -1
805080 323708 1 -1
801080 318049 1 -1
799724 318884 1 -1
798059 316113 1 -1
806176 320301 1 -1
769876 257669 1 -1
825716 373098 1 -1
791983 298565 1 -1
801386 313545 1 -1
804871 317801 1 -1
810903 332925 1 -1
838276 395673 1 -1
810543 341180 1 -1
777978 252419 1 -1
820258 351165 1 -1
801997 319385 1 -1
779437 281959 1 -1
810253 323873 1 -1
794826 309589 1 -1
814280 344223 1 -1
832651 373469 1 -1
794142 306704 1 -1
802041 319504 1 -1
804190 320706 1 -1
798983 325682 1 -1
840462 402858 2 -1
799912 323363 1 -1
804119 328544 1 -1
804358 320802 1 -1
803057 331037 1 -1
803031 325811 1 -1
784151 283760 1 -1
800444 311497 1 -1
802004 317772 1 -1
803470 319069 1 -1
811277 335577 1 -1
803332 315488 1 -1
800037 317963 1 -1
813436 360446 1 -1
800694 316789 1 -1
838129 404012 2 -1
764997 249477 1 -1
800316 311699 1 -1
806848 320541 1 -1
805462 317833 1 -1
798308 312788 1 -1
802655 316263 1 -1
801456 320080 1 -1
801309 318213 1 -1
840886 397888 1 -1
829529 375007 1 -1
830805 370801 1 -1
804979 334141 1 -1
804013 316083 1 -1
808489 317021 1 -1
770113 241615 1 -1
804332 319006 1 -1
833661 389733 1 -1
797834 297329 1 -1
794956 309980 1 -1
801232 307078 1 -1
809552 342258 1 -1
794615 305632 1 -1
809259 345634 1 -1
811502 355939 1 -1
801301 316893 1 -1
803370 318247 1 -1
804702 315881 1 -1
797009 293194 1 -1
813791 334609 1 -1
812965 330224 1 -1
826048 374236 1 -1
800959 322309 1 -1
803405 317316 1 -1
802254 320673 1 -1
783116 265635 1 -1
798633 317300 1 -1
801482 327644 1 -1
798612 326404 1 -1
799001 302014 1 -1
802537 312497 1 -1
799794 315080 1 -1
793892 313943 1 -1
804691 332987 1 -1
793855 298525 1 -1
796952 318633 1 -1
800655 320227 1 -1
801780 318992 1 -1
805977 320805 1 -1
796916 323332 1 -1
820904 351763 1 -1
808405 318841 1 -1
765283 249459 1 -1
824212 363776 1 -1
798981 311092 1 -1
797178 310439 1 -1
800582 316980 1 -1
803839 310353 1 -1
796283 315582 1 -1
801145 317601 1 -1
801662 318423 1 -1
801782 318281 1 -1
803377 319212 1 -1
803932 318781 1 -1
806192 337849 1 -1
789583 287700 1 -1
801586 318947 1 -1
804251 331304 1 -1
799667 316830 1 -1
759789 229116 1 -1
799021 326404 1 -1
793684 312065 1 -1
806320 315242 1 -1
786234 267976 1 -1
821151 366545 1 -1
801903 312794 1 -1
782506 279930 1 -1
803627 319323 1 -1
794991 291216 1 -1
794667 315069 1 -1
799291 317500 1 -1
798243 324160 1 -1
804408 337683 1 -1
818119 348676 1 -1
810502 336169 1 -1
793560 285392 1 -1
801326 315779 1 -1
808644 326320 1 -1
813645 328765 1 -1
800966 317165 1 -1
797111 302781 1 -1
802431 322048 1 -1
811061 333595 1 -1
786719 283364 1 -1
773955 239849 1 -1
803701 321815 1 -1
783110 289805 1 -1
800235 316652 1 -1
807421 317527 1 -1
797947 319734 1 -1
805035 317469 1 -1
801166 322298 1 -1
846693 429031 2 -1
801493 322249 1 -1
806087 326636 1 -1
810657 329468 1 -1
801313 300606 1 -1
800390 309948 1 -1
801634 318965 1 -1
799197 314215 1 -1
795254 296488 1 -1
807696 320548 1 -1
800461 326821 1 -1
801174 320442 1 -1
809781 326904 1 -1
826585 366934 1 -1
804429 312164 1 -1
788005 292268 1 -1
801183 316191 1 -1
378274 816341 3 -1
406233 813072 3 -1
401478 785370 3 -1
448651 847994 3 -1
434440 822866 3 -1
369199 734895 3 -1
413241 771595 3 -1
369418 733394 3 -1
378563 789670 3 -1
424190 780052 3 -1
415993 776671 3 -1
421352 799127 3 -1
432656 783776 3 -1
383032 788008 3 -1
414377 771258 3 -1
425260 773661 3 -1
469139 810971 3 -1
442979 803024 3 -1
347079 803582 3 -1
412797 803180 3 -1
352874 807952 3 -1
442286 755194 3 -1
416433 786159 3 -1
419700 793447 3 -1
422961 821595 3 -1
400008 789447 3 -1
429586 775621 3 -1
457561 788245 3 -1
415417 785827 3 -1
389552 750700 3 -1
415598 786499 3 -1
443447 783977 3 -1
404792 749210 3 -1
389392 730768 3 -1
473485 847098 3 -1
491614 778997 3 -1
437483 785130 3 -1
452570 848127 3 -1
417197 778243 3 -1
405986 787439 3 -1
437568 794323 3 -1
420319 794333 3 -1
418963 746595 3 -1
469422 822619 3 -1
397688 762902 3 -1
418149 790096 3 -1
407289 798870 3 -1
360319 778673 3 -1
473799 795167 3 -1
445199 763833 3 -1
446537 828924 3 -1
410019 732704 3 -1
396540 815936 3 -1
407694 718592 3 -1
417091 792545 3 -1
442260 754050 3 -1
411526 784658 3 -1
407814 765816 3 -1
394022 803914 3 -1
481133 781413 3 -1
396118 794614 3 -1
458538 786673 3 -1
419721 789724 3 -1
424476 781552 3 -1
377720 727349 3 -1
448336 789445 3 -1
412227 787450 3 -1
408745 824896 3 -1
417016 774869 3 -1
395274 786698 3 -1
412541 806622 3 -1
412109 735920 3 -1
407023 787385 3 -1
376660 815936 3 -1
396548 784388 3 -1
508535 830710 3 -1
414014 816460 3 -1
440782 782395 3 -1
436951 814456 3 -1
393758 750953 3 -1
418410 795929 3 -1
425991 787029 3 -1
414562 787355 3 -1
408712 803987 3 -1
377858 811790 3 -1
417169 792321 3 -1
460371 780609 3 -1
388873 746909 3 -1
395641 808571 3 -1
386436 791388 3 -1
440667 768761 3 -1
438437 730300 3 -1
370839 727884 3 -1
422917 781112 3 -1
391555 789079 3 -1
402666 814060 3 -1
474368 812039 3 -1
406176 760860 3 -1
463768 793154 3 -1
446307 796523 3 -1
402309 786873 3 -1
413946 786971 3 -1
425053 790566 3 -1
416926 785113 3 -1
424023 737453 3 -1
417447 782955 3 -1
415672 787824 3 -1
416019 787562 3 -1
417515 787648 3 -1
459230 803720 3 -1
447833 819282 3 -1
418199 851439 3 -1
417393 771537 3 -1
441415 780207 3 -1
399634 751940 3 -1
373360 784232 3 -1
419227 779215 3 -1
434717 808225 3 -1
397669 792218 3 -1
412028 773494 3 -1
407504 803363 3 -1
365147 790525 3 -1
459328 805961 3 -1
429472 860855 3 -1
480128 785580 3 -1
344915 702496 3 -1
410969 770451 3 -1
407460 791404 3 -1
420476 750495 3 -1
397747 792207 3 -1
408428 771823 3 -1
397806 749559 3 -1
426040 825049 3 -1
407565 766203 3 -1
414317 828815 3 -1
410610 765111 3 -1
412388 784064 3 -1
406337 750353 3 -1
422419 754048 3 -1
416039 730594 3 -1
414512 793966 3 -1
398478 822297 3 -1
424375 721868 3 -1
403890 792420 3 -1
400902 772920 3 -1
402367 782997 3 -1
472917 830363 3 -1
418621 840463 3 -1
329002 727685 3 -1
418618 811618 3 -1
425356 745471 3 -1
470922 770669 3 -1
400598 790903 3 -1
412851 774986 3 -1
492415 829655 3 -1
400079 749617 3 -1
417673 785965 3 -1
424720 768456 3 -1
386415 801444 3 -1
426689 788562 3 -1
430747 776261 3 -1
405714 781619 3 -1
429220 787348 3 -1
427850 762201 3 -1
434080 785264 3 -1
473514 788780 3 -1
412386 777312 3 -1
430686 844506 3 -1
409142 811927 3 -1
422198 724557 3 -1
392185 713763 3 -1
412677 786951 3 -1
399149 784376 3 -1
382693 749680 3 -1
527515 831478 3 -1
448519 805219 3 -1
430779 770145 3 -1
413556 758080 3 -1
392140 769924 3 -1
416855 794023 3 -1
389713 772742 3 -1
398498 776720 3 -1
473727 807244 3 -1
389410 788256 3 -1
377230 790154 3 -1
415564 784464 3 -1
456799 844976 3 -1
444336 820061 3 -1
404359 783919 3 -1
453154 776082 3 -1
425019 759577 3 -1
415895 775793 3 -1
420083 787815 3 -1
506612 858859 3 -1
436648 859634 3 -1
403522 785432 3 -1
401407 759648 3 -1
403852 792473 3 -1
367398 701756 3 -1
412453 784453 3 -1
382124 786262 3 -1
416884 786845 3 -1
448865 836781 3 -1
383821 808301 3 -1
414249 796590 3 -1
457338 789952 3 -1
396276 785999 3 -1
390282 789593 3 -1
409417 758123 3 -1
397561 815245 3 -1
397137 742547 3 -1
402891 801910 3 -1
385257 791581 3 -1
409628 833942 3 -1
369249 797068 3 -1
460942 779073 3 -1
423146 737571 3 -1
420509 788730 3 -1
422736 790806 3 -1
401492 790336 3 -1
394018 799506 3 -1
385140 796221 3 -1
430243 781020 3 -1
416775 806826 3 -1
425796 795608 3 -1
411488 837715 3 -1
433989 765343 3 -1
415806 783594 3 -1
417023 771194 3 -1
415270 775605 3 -1
391163 811977 3 -1
405350 762342 3 -1
414860 773921 3 -1
371779 814715 3 -1
415631 805010 3 -1
387951 813315 3 -1
472691 802678 3 -1
471930 844046 3 -1
432892 815223 3 -1
366654 802105 3 -1
411721 717873 3 -1
426115 814461 3 -1
375997 806621 3 -1
385561 718324 3 -1
375573 809249 3 -1
437958 784801 3 -1
363857 784086 3 -1
430138 818594 3 -1
435085 791564 3 -1
414036 742189 3 -1
425611 793420 3 -1
439793 740773 3 -1
467107 817914 3 -1
387631 749416 3 -1
430001 765803 3 -1
384225 784381 3 -1
417146 822655 3 -1
427371 819417 3 -1
399587 792459 3 -1
474648 778810 3 -1
345692 788190 3 -1
409515 756149 3 -1
469782 780552 3 -1
468229 827985 3 -1
414951 852935 3 -1
409701 750741 3 -1
442826 795974 3 -1
459556 818479 3 -1
423311 813081 3 -1
476144 772131 3 -1
391976 789416 3 -1
448649 813885 3 -1
496658 816784 3 -1
410336 767856 3 -1
430167 811490 3 -1
357467 797530 3 -1
404220 785798 3 -1
446368 763341 3 -1
439514 758221 3 -1
424145 743433 3 -1
470062 771204 3 -1
421187 779726 3 -1
396617 801039 3 -1
394708 739061 3 -1
394912 755947 3 -1
425950 788228 3 -1
408283 806161 3 -1
419520 778231 3 -1
441950 785934 3 -1
409814 836083 3 -1
395817 788858 3 -1
422776 808328 3 -1
363959 810632 3 -1
422943 804253 3 -1
407626 771304 3 -1
347933 797148 3 -1
457554 795861 3 -1
394274 837428 3 -1
445674 768552 3 -1
416359 786189 3 -1
419485 804779 3 -1
376176 795539 3 -1
349378 805118 3 -1
456566 743012 3 -1
484407 809641 3 -1
403329 717870 3 -1
392795 817694 3 -1
372621 772258 3 -1
461751 817277 3 -1
489182 773934 3 -1
427388 815258 3 -1
418155 819422 3 -1
437035 755506 3 -1
416444 783624 3 -1
777811 751059 5 -1
823974 725025 5 -1
749723 781756 5 -1
875160 698897 2 -1
828194 742074 5 -1
800913 749332 5 -1
831165 783383 5 -1
793019 764859 5 -1
810467 706465 5 -1
803540 754792 5 -1
844662 654835 2 -1
803962 731228 5 -1
823065 733789 5 -1
822156 732296 5 -1
811389 723618 5 -1
779936 774397 5 -1
854769 713941 2 -1
803457 735855 5 -1
790712 745884 5 -1
815652 733433 5 -1
841289 701474 2 -1
832054 751330 5 -1
786032 701427 5 -1
824835 704997 5 -1
832886 781206 5 -1
818063 797960 5 -1
857620 709386 2 -1
828589 652430 2 -1
836727 737798 5 -1
776000 780347 5 -1
824098 714042 5 -1
830583 710990 5 -1
862189 735684 5 -1
815131 704478 5 -1
828478 655405 2 -1
784838 771499 5 -1
880362 706363 2 -1
767482 727417 5 -1
825070 734215 5 -1
813781 738344 5 -1
840863 737972 5 -1
840943 739611 5 -1
828276 762021 5 -1
822883 728314 5 -1
854886 769396 5 -1
829623 732301 5 -1
835428 731189 5 -1
818338 800932 5 -1
823417 701523 5 -1
812152 689907 2 -1
829969 699565 2 -1
861563 661642 2 -1
816955 747629 5 -1
774526 757135 5 -1
803577 712231 5 -1
798056 714380 5 -1
881789 727577 2 -1
858867 700187 2 -1
834996 728517 5 -1
839121 736259 5 -1
841045 738224 5 -1
840100 728839 5 -1
874544 686096 2 -1
862334 747768 5 -1
820253 714625 5 -1
817862 732248 5 -1
844729 682981 2 -1
846484 719360 5 -1
793669 724513 5 -1
821906 732848 5 -1
826465 646980 2 -1
820350 748217 5 -1
814540 707227 5 -1
838223 766380 5 -1
869471 745767 5 -1
816054 733183 5 -1
801177 737548 5 -1
848783 748980 5 -1
814105 723255 5 -1
838036 749612 5 -1
840270 725456 5 -1
789601 714058 5 -1
827169 708345 5 -1
789448 738035 5 -1
835030 668528 2 -1
848151 741869 5 -1
816091 747764 5 -1
801511 761094 5 -1
822670 689090 2 -1
873672 734440 5 -1
808153 737136 5 -1
755829 751858 5 -1
814697 729209 5 -1
832758 707452 5 -1
848264 762550 5 -1
799903 784535 5 -1
802674 727804 5 -1
828147 808738 5 -1
820707 705318 5 -1
824594 741664 5 -1
804474 747122 5 -1
823108 733302 5 -1
839514 728923 5 -1
827711 732798 5 -1
851644 721350 5 -1
816390 711340 5 -1
798007 723995 5 -1
790612 738038 5 -1
821909 728448 5 -1
865754 723314 5 -1
735295 814058 5 -1
877711 703850 2 -1
792990 685472 5 -1
809917 762429 5 -1
789388 712210 5 -1
879221 655497 2 -1
876935 684572 2 -1
819439 735945 5 -1
807929 730950 5 -1
850451 764015 5 -1
811748 766105 5 -1
824765 761114 5 -1
848586 789052 5 -1
812231 739235 5 -1
873532 712802 2 -1
842590 716861 5 -1
832798 734777 5 -1
817640 730018 5 -1
824322 744720 5 -1
777697 798253 5 -1
868493 677155 2 -1
805658 698630 5 -1
840349 790707 5 -1
796953 726378 5 -1
832589 782799 5 -1
817441 709397 5 -1
856029 730586 5 -1
805089 762512 5 -1
854628 773470 5 -1
846090 651306 2 -1
796943 674692 2 -1
827192 785316 5 -1
818209 719382 5 -1
795200 786424 5 -1
817777 724927 5 -1
846512 683647 2 -1
825080 746712 5 -1
824674 806300 5 -1
822616 735941 5 -1
805391 732659 5 -1
823250 732088 5 -1
850376 739749 5 -1
821337 733356 5 -1
796786 724615 5 -1
862425 741010 5 -1
825690 703854 5 -1
800872 672603 2 -1
825395 715780 5 -1
843911 730036 5 -1
820238 732928 5 -1
848570 703697 2 -1
825515 738284 5 -1
820367 732364 5 -1
822025 749214 5 -1
837718 761480 5 -1
871723 685520 2 -1
850904 720163 5 -1
816775 739989 5 -1
822103 732911 5 -1
815455 755486 5 -1
835648 756631 5 -1
868626 737331 5 -1
825997 730652 5 -1
817252 730254 5 -1
877906 722361 2 -1
808440 729985 5 -1
791470 751113 5 -1
841654 764836 5 -1
825429 732758 5 -1
751215 828365 5 -1
804706 788001 5 -1
820194 734233 5 -1
869991 705259 2 -1
809779 663654 2 -1
822078 711840 5 -1
866139 717138 2 -1
829379 718721 5 -1
837582 763266 5 -1
783999 732487 5 -1
800231 732106 5 -1
862569 719773 5 -1
838764 652792 2 -1
849343 713993 5 -1
828297 715480 5 -1
821259 750089 5 -1
874643 729921 5 -1
819058 729125 5 -1
817018 729596 5 -1
797804 715342 5 -1
838515 768484 5 -1
829398 724900 5 -1
754841 796342 5 -1
878690 739021 5 -1
821908 732077 5 -1
786495 759000 5 -1
823987 687499 2 -1
787988 741203 5 -1
839339 726322 5 -1
822425 727248 5 -1
854412 725575 5 -1
788351 737539 5 -1
838587 700545 2 -1
840425 762290 5 -1
817395 734126 5 -1
807913 737341 5 -1
872285 750708 5 -1
788166 702817 5 -1
836225 709204 5 -1
822293 786837 5 -1
888892 702505 2 -1
822623 745025 5 -1
795124 696429 5 -1
832238 725434 5 -1
815593 689874 2 -1
843572 784897 5 -1
833716 758772 5 -1
822474 780882 5 -1
801102 759330 5 -1
841752 731595 5 -1
808779 732990 5 -1
822533 758955 5 -1
817807 715863 5 -1
837977 728814 5 -1
801204 755177 5 -1
819628 810748 5 -1
814732 734183 5 -1
832086 716249 5 -1
876503 659112 2 -1
823856 749355 5 -1
819737 737829 5 -1
818756 743887 5 -1
811971 664520 2 -1
801526 705057 5 -1
827031 734324 5 -1
843891 721571 5 -1
810460 735109 5 -1
782368 759352 5 -1
801172 715857 5 -1
866928 716961 2 -1
829673 730398 5 -1
850888 736810 5 -1
786935 732999 5 -1
769656 721159 5 -1
804925 735492 5 -1
870054 738900 5 -1
818932 728481 5 -1
853692 746285 5 -1
807072 687932 2 -1
750459 800215 5 -1
823959 737866 5 -1
835804 710711 5 -1
790206 747165 5 -1
813092 739043 5 -1
801810 728106 5 -1
825404 733788 5 -1
820947 730529 5 -1
827081 694553 2 -1
822664 720677 5 -1
768565 762193 5 -1
823113 733720 5 -1
821079 800206 5 -1
828531 731300 5 -1
820757 738235 5 -1
781260 737962 5 -1
819438 662327 2 -1
833504 744564 5 -1
789552 731946 5 -1
822843 763117 5 -1
775555 719683 5 -1
865084 713697 2 -1
820455 729132 5 -1
849547 738979 5 -1
762269 792243 5 -1
821464 700760 5 -1
824013 753991 5 -1
803369 698753 5 -1
823589 728083 5 -1
796353 710294 5 -1
820083 728310 5 -1
829133 735488 5 -1
823455 747394 5 -1
818542 740451 5 -1
809623 734937 5 -1
841762 777572 5 -1
802184 751958 5 -1
803874 675499 2 -1
830065 739162 5 -1
824140 729074 5 -1
852730 769968 5 -1
866760 753547 5 -1
811031 703822 5 -1
825414 734466 5 -1
816615 770855 5 -1
786227 765634 5 -1
817269 733788 5 -1
809453 736879 5 -1
757421 774445 5 -1
818251 731938 5 -1
788020 765562 5 -1
823618 734216 5 -1
812295 728049 5 -1
837545 696979 2 -1
797918 694723 5 -1
822224 742716 5 -1
821895 732158 5 -1
797233 713358 5 -1
800258 733812 5 -1
813319 737376 5 -1
860951 162251 1 -1
860387 157731 1 -1
857363 154639 1 -1
863391 126214 1 -1
839094 159543 1 -1
849248 164090 1 -1
875990 133950 1 -1
905936 150106 1 -1
895835 123485 1 -1
818079 108536 1 -1
898976 198452 1 -1
869087 153957 1 -1
849653 143827 1 -1
834293 161575 1 -1
844234 153197 1 -1
835128 212354 1 -1
828179 155649 1 -1
875410 128878 1 -1
850965 156224 1 -1
800816 176612 1 -1
832621 150748 1 -1
876863 176593 1 -1
826192 172906 1 -1
862679 188399 1 -1
839974 154358 1 -1
854338 135067 1 -1
855233 141357 1 -1
850538 160159 1 -1
868442 160118 1 -1
888714 205560 1 -1
864185 161232 1 -1
851280 156049 1 -1
875825 204959 1 -1
840375 155757 1 -1
892340 149050 1 -1
873527 126426 1 -1
836433 200181 1 -1
826499 142732 1 -1
854922 159650 1 -1
883537 210648 1 -1
807420 168787 1 -1
840299 118907 1 -1
834602 213597 1 -1
864053 139325 1 -1
856454 117143 1 -1
857972 160214 1 -1
850046 108829 1 -1
804936 148980 1 -1
864374 150149 1 -1
858587 150101 1 -1
870247 121460 1 -1
855656 162100 1 -1
850176 127908 1 -1
850057 157848 1 -1
828005 145089 1 -1
861994 160156 1 -1
849537 157510 1 -1
867125 168762 1 -1
838142 156770 1 -1
847644 164348 1 -1
856349 158150 1 -1
860606 152843 1 -1
869288 168662 1 -1
838328 185708 1 -1
860986 140320 1 -1
829229 143653 1 -1
866051 172932 1 -1
871556 194747 1 -1
865489 161762 1 -1
851840 110475 1 -1
846256 154064 1 -1
836081 178429 1 -1
859707 202806 1 -1
849938 156042 1 -1
894124 202052 1 -1
864325 170593 1 -1
848108 161786 1 -1
817619 181929 1 -1
858058 196183 1 -1
861242 161722 1 -1
885793 172115 1 -1
850577 157049 1 -1
877125 161227 1 -1
883864 111281 1 -1
891699 170415 1 -1
802394 87835 1 -1
862759 157988 1 -1
824185 167369 1 -1
813124 157130 1 -1
840335 164912 1 -1
858042 178196 1 -1
846257 145306 1 -1
858516 151301 1 -1
851282 153750 1 -1
905005 164126 1 -1
857309 139276 1 -1
845589 192916 1 -1
895245 150977 1 -1
863995 150435 1 -1
862642 159379 1 -1
861631 169376 1 -1
858934 162874 1 -1
912023 160368 1 -1
842824 177832 1 -1
824560 133679 1 -1
842281 175525 1 -1
860845 155375 1 -1
841096 188742 1 -1
821428 153468 1 -1
840357 169437 1 -1
827802 189078 1 -1
844734 164570 1 -1
847812 114745 1 -1
887269 166179 1 -1
830159 134329 1 -1
850925 157811 1 -1
847276 121785 1 -1
870599 149782 1 -1
780153 136449 1 -1
814379 132655 1 -1
834483 173379 1 -1
852423 159874 1 -1
854012 157449 1 -1
883375 158482 1 -1
850219 110573 1 -1
836450 151205 1 -1
881217 172320 1 -1
813239 139752 1 -1
871255 140340 1 -1
789356 159383 1 -1
873690 156226 1 -1
858834 149259 1 -1
778867 140736 1 -1
872057 122354 1 -1
882097 161493 1 -1
787336 144875 1 -1
849751 167033 1 -1
843833 170416 1 -1
850663 157840 1 -1
812240 177846 1 -1
838609 140215 1 -1
850959 157920 1 -1
859703 156782 1 -1
854753 190254 1 -1
895723 126593 1 -1
857833 170565 1 -1
850200 164752 1 -1
845303 150476 1 -1
877422 134877 1 -1
850153 155701 1 -1
819256 201704 1 -1
871689 155981 1 -1
818014 140185 1 -1
815298 167390 1 -1
864088 171351 1 -1
902529 162041 1 -1
908069 146564 1 -1
799326 106384 1 -1
854996 81095 1 -1
843813 182032 1 -1
888504 147016 1 -1
877964 242679 1 -1
851866 156896 1 -1
821361 175823 1 -1
810775 160434 1 -1
843150 156573 1 -1
844088 150085 1 -1
830620 117906 1 -1
835790 127898 1 -1
819541 117296 1 -1
858703 157931 1 -1
857846 153281 1 -1
876408 183646 1 -1
842576 153072 1 -1
848974 199427 1 -1
862925 243856 1 -1
856561 128799 1 -1
834171 189042 1 -1
872516 217570 1 -1
869167 105039 1 -1
819670 183364 1 -1
846575 159002 1 -1
895127 152283 1 -1
830445 186055 1 -1
792179 148539 1 -1
852410 187705 1 -1
853554 158012 1 -1
927170 250593 1 -1
825605 167750 1 -1
846731 162515 1 -1
878170 123364 1 -1
884966 133900 1 -1
866987 154415 1 -1
846284 113820 1 -1
873474 159567 1 -1
878258 158631 1 -1
882306 173836 1 -1
856924 169071 1 -1
794260 129843 1 -1
851568 114049 1 -1
868736 179354 1 -1
925732 210388 1 -1
868375 161990 1 -1
855593 161003 1 -1
849599 157084 1 -1
868317 177001 1 -1
800304 163436 1 -1
823740 169808 1 -1
856202 158811 1 -1
883929 121705 1 -1
851010 157593 1 -1
872506 157517 1 -1
850533 160136 1 -1
816393 185056 1 -1
850911 157772 1 -1
812942 85345 1 -1
835581 147664 1 -1
913298 162009 1 -1
858172 137586 1 -1
872781 154295 1 -1
871597 185239 1 -1
923120 170161 1 -1
837019 215527 1 -1
835702 176502 1 -1
837017 154170 1 -1
859177 143273 1 -1
866851 129505 1 -1
855852 134834 1 -1
924289 171369 1 -1
860154 113364 1 -1
836739 162321 1 -1
850775 162968 1 -1
884750 154317 1 -1
849681 125345 1 -1
854463 159977 1 -1
883567 161769 1 -1
848137 87922 1 -1
823676 152154 1 -1
848135 130674 1 -1
844400 150812 1 -1
864494 136669 1 -1
878157 210496 1 -1
851088 157432 1 -1
786528 104976 1 -1
860106 157080 1 -1
861412 205239 1 -1
820675 168154 1 -1
834036 144156 1 -1
842907 133992 1 -1
846720 162060 1 -1
871544 144135 1 -1
849003 115373 1 -1
856753 145184 1 -1
839757 190518 1 -1
865113 161302 1 -1
846936 161313 1 -1
845802 172285 1 -1
844357 163402 1 -1
881106 105566 1 -1
877835 151890 1 -1
839445 149778 1 -1
866560 165110 1 -1
845798 213118 1 -1
818668 120458 1 -1
831446 182864 1 -1
900955 185733 1 -1
836647 167267 1 -1
874672 104851 1 -1
849126 121710 1 -1
889142 154467 1 -1
855993 225023 1 -1
854095 158510 1 -1
850787 125678 1 -1
859298 139834 1 -1
829216 121494 1 -1
837676 148639 1 -1
851919 127963 1 -1
841353 125628 1 -1
848563 117708 1 -1
893106 176595 1 -1
852503 146551 1 -1
848290 143184 1 -1
825541 151495 1 -1
883231 232031 1 -1
864667 143614 1 -1
805089 96540 1 -1
854909 149938 1 -1
847097 176660 1 -1
910435 171155 1 -1
878749 188759 1 -1
871780 158486 1 -1
841292 155620 1 -1
846011 160034 1 -1
855969 193497 1 -1
860927 110775 1 -1
808069 134402 1 -1
848413 183717 1 -1
791722 162000 1 -1
852104 134678 1 -1
806567 140259 1 -1
847423 161535 1 -1
867993 162841 1 -1
828038 149181 1 -1
849404 170474 1 -1
841967 150890 1 -1
850945 161669 1 -1
888697 143969 1 -1
813868 188928 1 -1
864991 159874 1 -1
881109 152198 1 -1
811694 188374 1 -1
900360 153622 1 -1
885764 151791 1 -1
814553 164190 1 -1
895623 178393 1 -1
829790 205695 1 -1
865170 173755 1 -1
850453 155432 1 -1
864211 216526 1 -1
848770 111076 1 -1
791199 164843 1 -1
834165 140684 1 -1
843905 219401 1 -1
857328 143692 1 -1
838146 159541 1 -1
340693 569371 6 -1
315965 587160 6 -1
405652 622938 6 -1
359831 554975 6 -1
349296 557688 6 -1
289423 559134 6 -1
408689 562521 6 -1
321312 574721 6 -1
286568 547471 6 -1
370259 585265 6 -1
339967 562602 6 -1
410917 614521 6 -1
283570 563726 6 -1
347197 591316 6 -1
342064 570045 6 -1
317331 556086 6 -1
335792 541310 6 -1
330455 568758 6 -1
366794 582584 6 -1
378697 591764 6 -1
339981 565418 6 -1
338342 566864 6 -1
338474 563350 6 -1
432052 613723 6 -1
340064 550509 6 -1
334354 578047 6 -1
296775 572432 6 -1
353335 592567 6 -1
334016 562797 6 -1
328438 532686 6 -1
365927 571713 6 -1
343247 564376 6 -1
325057 581121 6 -1
330881 579058 6 -1
378648 579579 6 -1
339115 566863 6 -1
333299 597586 6 -1
367048 553451 6 -1
345840 561591 6 -1
366934 581294 6 -1
358793 547046 6 -1
393570 579641 6 -1
304399 545221 6 -1
353979 578923 6 -1
337002 589527 6 -1
327738 559624 6 -1
334549 579199 6 -1
297110 556485 6 -1
327403 548875 6 -1
413894 564459 6 -1
326043 553772 6 -1
337811 558454 6 -1
333901 532836 6 -1
340545 568654 6 -1
358483 554925 6 -1
318065 581616 6 -1
367751 578289 6 -1
331667 570387 6 -1
321519 561045 6 -1
299578 572052 6 -1
339632 536577 6 -1
339993 544064 6 -1
268672 508874 6 -1
332960 569308 6 -1
345042 566973 6 -1
352220 602793 6 -1
333934 537464 6 -1
312386 555195 6 -1
334182 558498 6 -1
335328 562880 6 -1
303637 570253 6 -1
353145 580916 6 -1
325118 556212 6 -1
294310 563522 6 -1
371563 547746 6 -1
373894 555347 6 -1
407040 577739 6 -1
337298 565486 6 -1
357813 572855 6 -1
304157 566007 6 -1
335918 566525 6 -1
330127 570072 6 -1
339212 538693 6 -1
357275 551101 6 -1
334785 565575 6 -1
326152 563230 6 -1
345903 561314 6 -1
238748 551038 6 -1
331175 551842 6 -1
352520 566829 6 -1
341675 560197 6 -1
354746 552404 6 -1
412500 594675 6 -1
277027 536847 6 -1
322209 547247 6 -1
375619 553791 6 -1
288068 561932 6 -1
344770 570309 6 -1
284031 566654 6 -1
324442 567881 6 -1
356246 549756 6 -1
404420 577532 6 -1
336829 562228 6 -1
293591 522132 6 -1
342963 582232 6 -1
338860 561151 6 -1
324055 590810 6 -1
328331 541094 6 -1
357737 597104 6 -1
392534 593343 6 -1
298665 568245 6 -1
343376 575709 6 -1
338863 563107 6 -1
361370 552483 6 -1
338935 567577 6 -1
350117 535859 6 -1
371000 555062 6 -1
368617 554066 6 -1
331795 529654 6 -1
344237 573700 6 -1
280110 522025 6 -1
328657 564864 6 -1
452457 597461 8 -1
333669 542228 6 -1
320628 564596 6 -1
316642 553340 6 -1
340712 563178 6 -1
349955 535578 6 -1
261538 525920 6 -1
411008 607342 6 -1
317136 563479 6 -1
297022 574097 6 -1
319927 524637 6 -1
359772 568428 6 -1
344791 578536 6 -1
324093 580491 6 -1
373907 558472 6 -1
321905 573147 6 -1
341721 576427 6 -1
386373 606623 6 -1
338588 543875 6 -1
341578 558672 6 -1
371616 570648 6 -1
331987 568997 6 -1
341329 565571 6 -1
334350 556417 6 -1
330482 571217 6 -1
338950 572545 6 -1
289087 565427 6 -1
343997 585193 6 -1
225786 529417 6 -1
365567 547606 6 -1
320827 519618 6 -1
286990 529505 6 -1
321517 569562 6 -1
388806 569524 6 -1
411796 581307 6 -1
331440 551885 6 -1
325958 573367 6 -1
348171 569251 6 -1
344239 530765 6 -1
419151 577335 6 -1
321309 569996 6 -1
386377 574187 6 -1
342099 561508 6 -1
366688 562413 6 -1
321657 538660 6 -1
403004 613466 6 -1
363304 553764 6 -1
384922 582877 6 -1
304556 568584 6 -1
336787 538925 6 -1
327998 571265 6 -1
303269 531608 6 -1
313649 523765 6 -1
337889 558031 6 -1
360165 553303 6 -1
340032 561740 6 -1
338634 564414 6 -1
351459 565704 6 -1
412767 593558 6 -1
283474 532727 6 -1
336928 557412 6 -1
366478 594677 6 -1
343450 570659 6 -1
331616 565089 6 -1
354529 573677 6 -1
276703 559740 6 -1
282066 560178 6 -1
331366 567311 6 -1
321910 573825 6 -1
290107 571927 6 -1
281979 518199 6 -1
374695 563163 6 -1
340191 567638 6 -1
338583 563529 6 -1
358312 559466 6 -1
338474 564151 6 -1
338205 566246 6 -1
342901 582886 6 -1
265815 540385 6 -1
304086 576100 6 -1
347966 563506 6 -1
346144 560472 6 -1
352381 592377 6 -1
318681 528806 6 -1
369366 561201 6 -1
310041 533285 6 -1
344314 595915 6 -1
363956 609339 6 -1
328586 551385 6 -1
330767 552963 6 -1
312558 520650 6 -1
315850 573154 6 -1
379388 567285 6 -1
329905 579935 6 -1
352209 548608 6 -1
357679 548036 6 -1
339288 588052 6 -1
330335 568221 6 -1
341559 562163 6 -1
341925 569393 6 -1
327695 543105 6 -1
335999 549795 6 -1
302359 534317 6 -1
332586 566187 6 -1
330750 561657 6 -1
400380 588221 6 -1
337910 562252 6 -1
336549 565597 6 -1
343717 559909 6 -1
332116 594868 6 -1
358384 556361 6 -1
415881 584352 6 -1
345164 579614 6 -1
316395 537403 6 -1
340970 564831 6 -1
340383 600071 6 -1
326627 534442 6 -1
356865 545785 6 -1
306298 551902 6 -1
347575 565576 6 -1
302583 571881 6 -1
352424 557574 6 -1
279008 521035 6 -1
335029 553213 6 -1
338753 563384 6 -1
324032 577807 6 -1
327973 534972 6 -1
321924 527106 6 -1
345495 579864 6 -1
385091 599401 6 -1
361138 551307 6 -1
332884 533990 6 -1
269126 508814 6 -1
350056 566657 6 -1
374117 546122 6 -1
350283 559840 6 -1
335525 567445 6 -1
350798 535657 6 -1
289002 520678 6 -1
324516 522674 6 -1
364844 571623 6 -1
351815 574947 6 -1
275524 559548 6 -1
348773 583528 6 -1
308966 523409 6 -1
316313 570785 6 -1
341966 561987 6 -1
341446 538787 6 -1
318823 565345 6 -1
347522 587567 6 -1
293746 544468 6 -1
334983 572690 6 -1
325125 564342 6 -1
330145 546705 6 -1
336336 563145 6 -1
302353 545544 6 -1
321216 569834 6 -1
285152 520229 6 -1
335027 565050 6 -1
332270 556288 6 -1
341016 545280 6 -1
339640 561426 6 -1
338633 563504 6 -1
324952 565867 6 -1
353583 554147 6 -1
385183 556284 6 -1
292636 520371 6 -1
289176 571435 6 -1
310944 559497 6 -1
336974 563207 6 -1
337173 557853 6 -1
396903 591235 6 -1
324440 567074 6 -1
333378 557892 6 -1
300366 565761 6 -1
344437 529492 6 -1
325871 558965 6 -1
367641 556309 6 -1
344552 554676 6 -1
297212 546223 6 -1
355924 577596 6 -1
331340 524203 6 -1
292932 558293 6 -1
306346 523584 6 -1
341966 586266 6 -1
282430 560217 6 -1
326251 549298 6 -1
335201 585318 6 -1
351564 573155 6 -1
322365 530808 6 -1
405542 600089 6 -1
296763 528676 6 -1
221233 538472 6 -1
338084 560295 6 -1
345674 579033 6 -1
325883 560492 6 -1
345123 577788 6 -1
329859 564384 6 -1
353939 570931 6 -1
409616 575024 6 -1
365058 545456 6 -1
404782 557913 6 -1
368724 598412 6 -1
344096 575522 6 -1
182618 346663 7 -1
171461 348130 7 -1
186536 330019 7 -1
177241 292639 7 -1
248683 383412 7 -1
174057 358906 7 -1
215243 289985 7 -1
170688 343596 7 -1
144502 345417 7 -1
165689 356983 7 -1
168443 367928 7 -1
165158 343946 7 -1
159711 352701 7 -1
175781 341039 7 -1
233480 289069 7 -1
189029 366740 7 -1
168573 350387 7 -1
170271 306395 7 -1
192775 350028 7 -1
152054 345632 7 -1
139299 314046 7 -1
202053 322650 7 -1
134695 350397 7 -1
159654 381778 7 -1
188093 324040 7 -1
183236 338163 7 -1
156984 430950 7 -1
182751 435819 7 -1
198908 372797 7 -1
198517 325721 7 -1
161345 350804 7 -1
210497 359835 7 -1
141993 331189 7 -1
170788 373545 7 -1
166449 363036 7 -1
155479 345893 7 -1
186380 363938 7 -1
129332 360811 7 -1
224225 376975 7 -1
165945 345849 7 -1
223550 323197 7 -1
122755 434879 6 -1
166584 349245 7 -1
179472 342273 7 -1
148749 359845 7 -1
177505 332053 7 -1
160222 380591 7 -1
178869 370161 7 -1
170002 370000 7 -1
164354 347671 7 -1
169966 368623 7 -1
145867 363616 7 -1
181561 358111 7 -1
164915 350360 7 -1
166973 341636 7 -1
153181 277968 7 -1
155505 355581 7 -1
160835 347784 7 -1
211265 396792 7 -1
203254 362605 7 -1
137967 354539 7 -1
174064 357989 7 -1
179609 408365 7 -1
176506 351827 7 -1
172879 347028 7 -1
180506 330980 7 -1
185966 359964 7 -1
146070 316860 7 -1
152957 321354 7 -1
163190 331719 7 -1
186914 361706 7 -1
159191 309314 7 -1
170425 316185 7 -1
162040 316797 7 -1
195000 354829 7 -1
126702 351222 7 -1
213064 290947 7 -1
140612 350010 7 -1
172885 352621 7 -1
170155 343568 7 -1
186806 334070 7 -1
146072 288800 7 -1
169293 348686 7 -1
169502 411323 7 -1
152861 407965 7 -1
156041 295117 7 -1
117585 391892 7 -1
163981 344090 7 -1
158664 310765 7 -1
141113 351050 7 -1
163796 345091 7 -1
160369 353500 7 -1
235671 300234 7 -1
140876 334435 7 -1
108232 373112 7 -1
192460 388323 7 -1
133744 308918 7 -1
216209 437830 7 -1
156945 339397 7 -1
199859 316334 7 -1
159496 331641 7 -1
167845 341409 7 -1
182435 365508 7 -1
133795 360518 7 -1
169628 365003 7 -1
167262 399527 7 -1
177728 352687 7 -1
130683 363204 7 -1
198197 344933 7 -1
197735 355477 7 -1
172020 342883 7 -1
185561 342784 7 -1
202011 337353 7 -1
157394 346500 7 -1
182050 424341 7 -1
129664 341196 7 -1
173188 355248 7 -1
182499 310438 7 -1
170384 339979 7 -1
182093 321311 7 -1
185696 338006 7 -1
102221 374657 7 -1
165881 364469 7 -1
164875 349007 7 -1
159120 340829 7 -1
168274 374689 7 -1
178495 373915 7 -1
179811 342089 7 -1
162606 363185 7 -1
173908 362098 7 -1
133580 348602 7 -1
190634 357254 7 -1
186503 369651 7 -1
127134 379827 7 -1
169145 355279 7 -1
140121 346875 7 -1
141860 324304 7 -1
200251 306215 7 -1
174373 363552 7 -1
170022 347877 7 -1
165657 338722 7 -1
186361 351075 7 -1
213022 338238 7 -1
155228 357729 7 -1
171614 435530 7 -1
175586 365049 7 -1
187858 381077 7 -1
171074 293610 7 -1
153738 360530 7 -1
199043 270173 7 -1
165886 348709 7 -1
159428 300364 7 -1
197463 378513 7 -1
161273 347538 7 -1
186082 330058 7 -1
143732 279724 7 -1
142899 329415 7 -1
156977 424622 7 -1
174878 362329 7 -1
148915 338914 7 -1
187324 377187 7 -1
175766 380534 7 -1
185071 362905 7 -1
158550 354818 7 -1
174672 345849 7 -1
169880 343122 7 -1
109090 326101 7 -1
187854 354777 7 -1
153903 353738 7 -1
190241 329582 7 -1
102983 382712 7 -1
143117 345163 7 -1
188985 367645 7 -1
174834 411644 7 -1
144228 344974 7 -1
146821 297434 7 -1
171848 343242 7 -1
94382 320888 7 -1
154412 310120 7 -1
176490 344679 7 -1
170616 352610 7 -1
81648 360080 7 -1
153607 379395 7 -1
183970 355973 7 -1
105444 361358 7 -1
158571 361986 7 -1
177579 319865 7 -1
198892 322470 7 -1
216975 296647 7 -1
166654 350678 7 -1
189102 333074 7 -1
198712 303299 7 -1
137098 384889 7 -1
144306 328086 7 -1
142455 343512 7 -1
178319 318244 7 -1
168886 353913 7 -1
174656 393278 7 -1
130805 354417 7 -1
176433 350561 7 -1
142252 329183 7 -1
165476 377389 7 -1
210102 333312 7 -1
129453 321221 7 -1
144705 375936 7 -1
206687 342276 7 -1
153583 352282 7 -1
189499 356601 7 -1
159392 351000 7 -1
181463 326571 7 -1
162975 335389 7 -1
157691 334886 7 -1
154167 353183 7 -1
165607 362883 7 -1
182239 333302 7 -1
176982 354631 7 -1
183516 374212 7 -1
191099 341570 7 -1
184570 360446 7 -1
207804 354938 7 -1
198493 326704 7 -1
149269 341445 7 -1
184798 392233 7 -1
174438 319075 7 -1
107124 325984 7 -1
76052 360840 7 -1
159302 337993 7 -1
140101 341028 7 -1
168149 345638 7 -1
150009 371014 7 -1
157193 350343 7 -1
111476 358647 7 -1
151164 332239 7 -1
171318 373473 7 -1
175169 349454 7 -1
162600 392531 7 -1
168067 340249 7 -1
170102 323164 7 -1
124132 340448 7 -1
149863 284721 7 -1
168079 347343 7 -1
128953 304971 7 -1
169228 364545 7 -1
198415 321418 7 -1
183610 321788 7 -1
220869 407358 7 -1
159472 372246 7 -1
170837 353968 7 -1
165653 317602 7 -1
135537 356169 7 -1
166973 334724 7 -1
158750 312102 7 -1
161448 373412 7 -1
158713 379013 7 -1
180493 319750 7 -1
125715 302114 7 -1
194033 340466 7 -1
158871 312380 7 -1
161387 343617 7 -1
169121 347594 7 -1
167653 352074 7 -1
125902 318850 7 -1
217686 296514 7 -1
171986 429306 7 -1
211360 279794 7 -1
157181 346842 7 -1
188909 341194 7 -1
140128 325904 7 -1
117874 389929 7 -1
162921 317643 7 -1
173978 346514 7 -1
98533 355691 7 -1
194956 372256 7 -1
164847 287064 7 -1
174410 372064 7 -1
149092 352682 7 -1
166323 352927 7 -1
178515 370287 7 -1
169337 348605 7 -1
122986 334382 7 -1
145282 391482 7 -1
185919 363092 7 -1
180519 368284 7 -1
181227 347052 7 -1
168284 309036 7 -1
198251 335402 7 -1
160922 347681 7 -1
141861 328909 7 -1
147911 328024 7 -1
178264 330827 7 -1
178235 346006 7 -1
195151 317753 7 -1
122360 357480 7 -1
167330 332452 7 -1
115363 305575 7 -1
185661 404482 7 -1
177858 352255 7 -1
113068 317574 7 -1
125675 360158 7 -1
172842 351663 7 -1
124724 459999 6 -1
169069 348929 7 -1
185253 344152 7 -1
155625 262321 7 -1
158201 315944 7 -1
171277 361020 7 -1
209553 326461 7 -1
160165 362858 7 -1
190725 336160 7 -1
169994 409806 7 -1
179463 361279 7 -1
172662 388185 7 -1
165284 425978 7 -1
160206 303063 7 -1
155690 368375 7 -1
124516 325289 7 -1
179326 321160 7 -1
165573 305517 7 -1
155508 372355 7 -1
166799 318482 7 -1
161780 324523 7 -1
168805 351913 7 -1
206519 355629 7 -1
163091 350167 7 -1
176144 353300 7 -1
179483 359645 7 -1
213951 352868 7 -1
164046 346109 7 -1
169569 346955 7 -1
225356 318394 7 -1
214966 358837 7 -1
159253 343477 7 -1
219779 330969 7 -1
169876 340860 7 -1
669118 354195 8 -1
613682 399434 8 -1
617399 392653 8 -1
629247 364078 8 -1
641070 424917 8 -1
609532 388425 8 -1
629369 398359 8 -1
605911 379990 8 -1
622550 391601 8 -1
607905 403460 8 -1
679465 399014 8 -1
608711 373665 8 -1
623498 399288 8 -1
601212 370698 8 -1
574989 407228 8 -1
563517 391159 8 -1
687717 379483 8 -1
616040 330855 8 -1
653024 367312 8 -1
607440 403119 8 -1
620240 397022 8 -1
599215 391457 8 -1
587478 424878 8 -1
613921 394043 8 -1
624328 392133 8 -1
635887 384511 8 -1
559877 401053 8 -1
617755 401065 8 -1
693265 388552 8 -1
559933 403956 8 -1
655859 416496 8 -1
625919 402984 8 -1
595215 391491 8 -1
617493 379303 8 -1
598657 442558 8 -1
601644 436831 8 -1
617118 374098 8 -1
591051 389443 8 -1
617296 386864 8 -1
616468 394118 8 -1
630384 376295 8 -1
558770 390646 8 -1
637332 414017 8 -1
556780 409205 8 -1
577473 384210 8 -1
650054 432740 8 -1
595063 328609 8 -1
714443 433876 8 -1
603566 410391 8 -1
562356 383175 8 -1
546166 423311 8 -1
626539 394908 8 -1
663820 416308 8 -1
710910 464586 8 -1
624310 398408 8 -1
632546 389750 8 -1
667249 417107 8 -1
608309 377530 8 -1
611357 393577 8 -1
658219 436184 8 -1
615032 402225 8 -1
628131 406850 8 -1
632390 363198 8 -1
575116 345564 8 -1
625784 441883 8 -1
618893 419740 8 -1
579564 428498 8 -1
686324 364237 8 -1
586242 396484 8 -1
623248 399928 8 -1
609219 362804 8 -1
537211 376777 8 -1
605310 394011 8 -1
634973 450542 8 -1
595411 413706 8 -1
613037 419086 8 -1
617444 397675 8 -1
633304 366062 8 -1
592620 446156 8 -1
631633 337973 8 -1
619637 395224 8 -1
620330 398630 8 -1
621964 409409 8 -1
618446 372298 8 -1
629789 426313 8 -1
608687 374928 8 -1
680646 375662 8 -1
591831 438997 8 -1
550086 442382 8 -1
620330 396776 8 -1
551236 401856 8 -1
617178 414525 8 -1
584938 344365 8 -1
622636 456843 8 -1
649987 408293 8 -1
613719 382828 8 -1
576987 392508 8 -1
599766 409755 8 -1
584077 398498 8 -1
695514 321521 1 -1
561388 355834 8 -1
691600 397893 8 -1
610676 449688 8 -1
600114 413216 8 -1
626811 372435 8 -1
636291 360636 8 -1
570384 393553 8 -1
626700 401688 8 -1
624106 398619 8 -1
523329 404632 8 -1
611954 360938 8 -1
613536 395801 8 -1
576488 397913 8 -1
652745 406585 8 -1
603193 371867 8 -1
610026 444858 8 -1
629725 405117 8 -1
648429 422590 8 -1
562772 382904 8 -1
638823 411764 8 -1
617764 397102 8 -1
579922 379009 8 -1
610698 396326 8 -1
642607 374702 8 -1
621629 397208 8 -1
659321 404555 8 -1
576235 462612 8 -1
598628 425191 8 -1
623502 420376 8 -1
665965 449273 8 -1
608923 385575 8 -1
611579 407670 8 -1
617573 386848 8 -1
589862 418742 8 -1
653325 396810 8 -1
605073 372055 8 -1
623137 408209 8 -1
499262 398424 8 -1
619339 401624 8 -1
619295 397643 8 -1
578878 420108 8 -1
533577 355107 8 -1
615934 426539 8 -1
690195 475150 8 -1
673514 390760 8 -1
657120 386782 8 -1
549945 372313 8 -1
675858 410545 8 -1
626586 415166 8 -1
618449 404599 8 -1
638783 399478 8 -1
578113 395458 8 -1
622557 361134 8 -1
635324 420555 8 -1
666135 430421 8 -1
689725 465685 8 -1
593601 445149 8 -1
615094 383077 8 -1
624599 417673 8 -1
573969 434110 8 -1
642881 403147 8 -1
634383 422065 8 -1
582389 428200 8 -1
617330 369828 8 -1
621989 394856 8 -1
651828 468138 8 -1
612936 398723 8 -1
613351 407952 8 -1
562777 437516 8 -1
533212 366954 8 -1
618113 400002 8 -1
609344 448128 8 -1
615342 413931 8 -1
623989 368662 8 -1
620187 400168 8 -1
687638 439257 8 -1
573925 449341 8 -1
547270 403384 8 -1
619318 361696 8 -1
588432 446279 8 -1
592924 393730 8 -1
615325 383841 8 -1
611875 422910 8 -1
681941 370225 8 -1
620818 396967 8 -1
662154 385013 8 -1
554938 347875 8 -1
628655 321099 8 -1
619628 399433 8 -1
660333 393215 8 -1
618391 348381 8 -1
565829 395454 8 -1
617689 397001 8 -1
604554 393193 8 -1
572417 403906 8 -1
659193 384523 8 -1
632060 367800 8 -1
633894 404424 8 -1
620610 395343 8 -1
615175 397627 8 -1
624293 333944 8 -1
593689 316888 8 -1
617319 374666 8 -1
572244 349463 8 -1
619239 400025 8 -1
621622 390298 8 -1
622101 371771 8 -1
630205 338054 8 -1
654147 407182 8 -1
637594 420311 8 -1
629004 392271 8 -1
585207 336451 8 -1
618349 397614 8 -1
650157 402991 8 -1
638966 486628 8 -1
655201 411873 8 -1
602335 433298 8 -1
630706 388370 8 -1
617428 397343 8 -1
621537 390372 8 -1
631365 450732 8 -1
618406 404239 8 -1
601390 453925 8 -1
603945 361794 8 -1
619427 396945 8 -1
660103 414557 8 -1
700340 335010 1 -1
608182 416637 8 -1
661166 404325 8 -1
620939 385731 8 -1
626371 349696 8 -1
614683 367259 8 -1
619332 401992 8 -1
587453 401098 8 -1
652349 321291 8 -1
617954 395504 8 -1
636807 424537 8 -1
533889 333741 8 -1
623386 387031 8 -1
632952 385722 8 -1
695010 449565 8 -1
626843 367696 8 -1
488205 420586 8 -1
611547 411952 8 -1
621241 368090 8 -1
581240 362971 8 -1
608747 363132 8 -1
662177 420431 8 -1
615665 405490 8 -1
617447 366176 8 -1
560393 389490 8 -1
685785 409913 8 -1
623433 400160 8 -1
609091 437020 8 -1
624343 403629 8 -1
668879 388617 8 -1
567105 437623 8 -1
657450 365008 8 -1
591955 378142 8 -1
588952 437524 8 -1
607665 447516 8 -1
608601 418450 8 -1
662830 420955 8 -1
605891 428146 8 -1
615239 317684 8 -1
588933 366439 8 -1
618053 357534 8 -1
577773 434308 8 -1
606558 458285 8 -1
620955 389692 8 -1
738190 371970 1 -1
634661 446187 8 -1
571692 449353 8 -1
605650 447537 8 -1
639502 371440 8 -1
684568 380640 8 -1
658735 399039 8 -1
618157 384990 8 -1
618869 398187 8 -1
603388 403039 8 -1
585255 415823 8 -1
639507 438534 8 -1
594112 399331 8 -1
619475 400592 8 -1
571570 375257 8 -1
659297 373975 8 -1
603285 449307 8 -1
610199 394579 8 -1
590500 418472 8 -1
630904 404643 8 -1
591725 406549 8 -1
621560 397789 8 -1
563182 367521 8 -1
593879 444161 8 -1
616054 371666 8 -1
627679 395601 8 -1
608195 447380 8 -1
616737 397973 8 -1
650120 324477 8 -1
616926 398697 8 -1
650859 460072 8 -1
642157 345545 8 -1
601369 411415 8 -1
604703 392288 8 -1
721905 378957 8 -1
619415 397644 8 -1
571043 347389 8 -1
659191 459637 8 -1
629978 400626 8 -1
688487 383589 8 -1
598053 438963 8 -1
635242 356290 8 -1
605899 412428 8 -1
656642 407213 8 -1
619924 406713 8 -1
630067 372798 8 -1
600007 377908 8 -1
589164 386733 8 -1
630491 379017 8 -1
618676 377015 8 -1
639613 388524 8 -1
669409 415893 8 -1
681608 436537 8 -1
649968 371445 8 -1
629000 417990 8 -1
658884 390135 8 -1
605407 427914 8 -1
629891 414975 8 -1
621778 364695 8 -1
610722 418243 8 -1
601599 388540 8 -1
615649 429323 8 -1
627206 402647 8 -1
643965 366316 8 -1
614877 402442 8 -1
606486 420054 8 -1
668482 358452 8 -1
628715 434772 8 -1
196462 887983 3 -1
335970 846828 3 -1
272394 837600 3 -1
211165 825505 3 -1
226433 837646 3 -1
219686 859997 3 -1
242087 844255 3 -1
213558 873714 3 -1
245144 845719 3 -1
247997 878582 3 -1
283576 809069 3 -1
224676 859348 3 -1
298214 820903 3 -1
245468 859425 3 -1
222704 824909 3 -1
250921 819639 3 -1
249209 801933 3 -1
230591 874855 3 -1
234091 876039 3 -1
286769 862152 3 -1
224789 866804 3 -1
245023 849247 3 -1
263626 851699 3 -1
250198 825417 3 -1
231263 863308 3 -1
307605 840195 3 -1
276635 875623 3 -1
230399 842538 3 -1
274070 798617 3 -1
247939 831010 3 -1
209922 850026 3 -1
300726 862728 3 -1
222727 770963 3 -1
239505 885057 3 -1
291561 845450 3 -1
221122 832810 3 -1
194258 914691 3 -1
228928 855040 3 -1
264627 808661 3 -1
225916 843329 3 -1
240221 843932 3 -1
276600 823311 3 -1
204854 810013 3 -1
278326 829095 3 -1
246047 846189 3 -1
251032 876118 3 -1
285258 848668 3 -1
260943 889692 3 -1
245928 867228 3 -1
221002 870506 3 -1
292872 896822 3 -1
261896 897475 3 -1
269723 849664 3 -1
243941 843256 3 -1
249370 872804 3 -1
237120 856814 3 -1
257472 849587 3 -1
253703 834676 3 -1
238080 830689 3 -1
225991 869734 3 -1
231781 799444 3 -1
296892 901182 3 -1
234604 822462 3 -1
241473 860854 3 -1
219864 842635 3 -1
235901 856563 3 -1
207217 878249 3 -1
256949 820470 3 -1
204597 863162 3 -1
325275 866433 3 -1
239344 814789 3 -1
187894 871219 3 -1
259973 862559 3 -1
189752 865463 3 -1
245707 844466 3 -1
188480 870646 3 -1
305915 854818 3 -1
242443 851797 3 -1
227138 824372 3 -1
229970 878786 3 -1
281971 825246 3 -1
241166 845204 3 -1
225846 874086 3 -1
284077 905181 3 -1
258975 837353 3 -1
241972 840749 3 -1
245602 857160 3 -1
227363 836593 3 -1
257926 936947 3 -1
237689 839510 3 -1
267799 847911 3 -1
207552 772091 3 -1
201567 881003 3 -1
265125 820661 3 -1
273165 852766 3 -1
290210 818593 3 -1
256487 868899 3 -1
271395 862063 3 -1
251958 886571 3 -1
249253 856047 3 -1
268289 878265 3 -1
295375 861990 3 -1
256316 818886 3 -1
246470 842932 3 -1
314666 849163 3 -1
298979 774144 3 -1
192885 887667 3 -1
227819 900986 3 -1
250003 859517 3 -1
249857 844975 3 -1
218369 851387 3 -1
252586 806474 3 -1
283017 850861 3 -1
228095 843338 3 -1
266980 825990 3 -1
241381 844402 3 -1
294053 878220 3 -1
253339 750941 3 -1
241413 845029 3 -1
294326 807584 3 -1
257856 846423 3 -1
248210 886338 3 -1
216846 737568 3 -1
244743 830888 3 -1
277055 860813 3 -1
279923 805957 3 -1
235041 823732 3 -1
238524 842928 3 -1
246453 883061 3 -1
260590 827955 3 -1
274554 845338 3 -1
245254 907991 3 -1
299821 866288 3 -1
261120 804153 3 -1
246729 879602 3 -1
240308 844341 3 -1
220620 819091 3 -1
268926 813783 3 -1
234219 845270 3 -1
188424 849785 3 -1
240171 843940 3 -1
163766 859386 3 -1
191257 802651 3 -1
224852 934148 3 -1
261093 844962 3 -1
228711 848090 3 -1
183478 851724 3 -1
201080 823689 3 -1
118590 857150 3 -1
264798 767716 3 -1
313609 860065 3 -1
232246 844226 3 -1
237757 834092 3 -1
222682 806314 3 -1
243331 844022 3 -1
197362 870337 3 -1
229857 843917 3 -1
244257 776516 3 -1
224083 852922 3 -1
309399 838744 3 -1
271205 817620 3 -1
242247 864253 3 -1
235337 831592 3 -1
232357 810798 3 -1
252199 828023 3 -1
267049 950249 3 -1
245678 821691 3 -1
241138 844374 3 -1
246182 840370 3 -1
264175 824349 3 -1
266977 887963 3 -1
274685 883097 3 -1
244260 847060 3 -1
256073 917590 3 -1
258416 835432 3 -1
241687 844256 3 -1
282603 846165 3 -1
228032 893055 3 -1
226949 889283 3 -1
264274 813041 3 -1
139601 914203 3 -1
229131 842806 3 -1
236274 861302 3 -1
261819 863523 3 -1
200005 825237 3 -1
310591 841778 3 -1
244049 817710 3 -1
235022 911236 3 -1
256512 837094 3 -1
236495 861569 3 -1
256889 880721 3 -1
258528 856273 3 -1
233284 860085 3 -1
257480 849037 3 -1
269354 811847 3 -1
222445 891438 3 -1
222356 840843 3 -1
236207 886769 3 -1
174371 864697 3 -1
159683 838958 3 -1
237750 837381 3 -1
241545 838673 3 -1
256082 831969 3 -1
246468 838071 3 -1
205919 844377 3 -1
266111 813259 3 -1
244246 847589 3 -1
244899 812192 3 -1
219316 898830 3 -1
251866 864044 3 -1
238308 790723 3 -1
209264 836661 3 -1
242519 845811 3 -1
351883 890475 3 -1
278929 842054 3 -1
244027 850132 3 -1
248570 843156 3 -1
224681 858432 3 -1
210276 824826 3 -1
220884 916718 3 -1
240846 841609 3 -1
257093 801567 3 -1
236749 813868 3 -1
332237 911313 3 -1
288954 846991 3 -1
238084 844799 3 -1
236431 844100 3 -1
299772 828655 3 -1
241633 846949 3 -1
230107 858332 3 -1
256216 903741 3 -1
258135 880184 3 -1
232331 872896 3 -1
183583 787453 3 -1
264293 890923 3 -1
213208 833959 3 -1
224288 931476 3 -1
261622 869706 3 -1
297183 841456 3 -1
241849 815141 3 -1
308616 811021 3 -1
220931 876605 3 -1
289719 866638 3 -1
233931 838374 3 -1
224694 848663 3 -1
240645 855514 3 -1
229567 855332 3 -1
247613 815836 3 -1
239387 847822 3 -1
257788 880587 3 -1
245532 846331 3 -1
224241 828996 3 -1
227582 856861 3 -1
244618 845420 3 -1
213775 841758 3 -1
243511 830743 3 -1
244799 841688 3 -1
216061 848623 3 -1
294492 832336 3 -1
248931 844960 3 -1
267478 894783 3 -1
228715 837572 3 -1
269483 848608 3 -1
248276 844455 3 -1
236987 881080 3 -1
223732 826580 3 -1
230149 886583 3 -1
265299 859533 3 -1
181803 799487 3 -1
247210 859012 3 -1
261633 773355 3 -1
262370 891499 3 -1
250394 847577 3 -1
222019 839774 3 -1
238328 770068 3 -1
208941 860169 3 -1
238714 858826 3 -1
241005 825301 3 -1
270742 847836 3 -1
238492 833394 3 -1
312726 853829 3 -1
286663 846902 3 -1
261796 819395 3 -1
253890 807676 3 -1
242415 844335 3 -1
134134 842630 3 -1
163956 833732 3 -1
250359 849451 3 -1
295357 842293 3 -1
218942 848326 3 -1
205466 778884 3 -1
253899 862843 3 -1
244966 841126 3 -1
208494 850615 3 -1
221126 837878 3 -1
271093 861412 3 -1
216543 842952 3 -1
255185 825960 3 -1
251070 877802 3 -1
264565 859237 3 -1
228611 836717 3 -1
228517 837056 3 -1
198583 860431 3 -1
215976 836025 3 -1
254411 848090 3 -1
168036 807011 3 -1
292194 906490 3 -1
243951 865415 3 -1
260922 785987 3 -1
245740 814541 3 -1
317675 838127 3 -1
274505 864723 3 -1
230049 865536 3 -1
235084 818866 3 -1
172690 847721 3 -1
221706 875060 3 -1
236740 853169 3 -1
298800 824277 3 -1
265246 889333 3 -1
219498 851932 3 -1
247484 846372 3 -1
288675 919879 3 -1
229280 813483 3 -1
282622 879222 3 -1
307300 836132 3 -1
238260 882489 3 -1
219049 825171 3 -1
219321 848396 3 -1
240028 849354 3 -1
212009 864463 3 -1
246857 852483 3 -1
245118 811283 3 -1
247855 794626 3 -1
253655 821946 3 -1
241475 850889 3 -1
210162 860529 3 -1
204922 854068 3 -1
225567 853078 3 -1
245258 799882 3 -1
257134 845851 3 -1
187314 815820 3 -1
294275 174786 4 -1
329428 66056 4 -1
325938 164475 4 -1
253129 154296 4 -1
319838 170383 4 -1
240213 118409 4 -1
283784 178305 4 -1
376613 159699 4 -1
338717 181582 4 -1
304283 183656 4 -1
314519 146787 4 -1
270899 175377 4 -1
291228 101272 4 -1
291170 110147 4 -1
321522 163852 4 -1
202627 179376 7 -1
307913 91419 4 -1
311093 169734 4 -1
321775 164846 4 -1
294832 124284 4 -1
295537 91032 4 -1
383044 180418 4 -1
338570 192256 4 -1
337894 175289 4 -1
359796 165920 4 -1
316263 163806 4 -1
320972 170417 4 -1
277860 111893 4 -1
367806 123963 4 -1
359352 162962 4 -1
350964 149159 4 -1
332201 181702 4 -1
287966 150135 4 -1
346942 152780 4 -1
232784 169847 4 -1
292492 99170 4 -1
334529 166765 4 -1
363208 238649 4 -1
196795 190277 7 -1
353333 113156 4 -1
373191 88470 4 -1
333789 151168 4 -1
339732 163158 4 -1
321822 187102 4 -1
276792 141848 4 -1
308044 164482 4 -1
311328 159477 4 -1
383052 89061 4 -1
316820 150304 4 -1
314479 178821 4 -1
310824 144943 4 -1
333143 200298 4 -1
300672 175844 4 -1
339482 151261 4 -1
319208 164182 4 -1
321645 164662 4 -1
308763 166511 4 -1
308066 145825 4 -1
360143 155270 4 -1
348893 195430 4 -1
319283 158983 4 -1
332284 194186 4 -1
292402 184441 4 -1
361227 221878 4 -1
313573 109221 4 -1
310693 154278 4 -1
344482 215846 4 -1
358652 186358 4 -1
330533 214555 4 -1
320400 160020 4 -1
267662 127175 4 -1
396583 82842 4 -1
292193 125417 4 -1
324121 96346 4 -1
321344 166633 4 -1
234837 151054 4 -1
368060 76739 4 -1
347050 150472 4 -1
245783 109229 4 -1
400550 144359 4 -1
343217 153037 4 -1
315488 160339 4 -1
347406 155708 4 -1
336845 172750 4 -1
357014 148222 4 -1
331862 169092 4 -1
322140 165212 4 -1
363075 162238 4 -1
318738 182134 4 -1
346717 178180 4 -1
311819 140674 4 -1
332032 157725 4 -1
301983 173386 4 -1
321556 163352 4 -1
315830 102777 4 -1
312275 145173 4 -1
325861 203058 4 -1
360703 150999 4 -1
345976 148333 4 -1
320210 191459 4 -1
318665 158107 4 -1
425563 163524 4 -1
264427 188193 4 -1
348177 179526 4 -1
265430 151883 4 -1
320718 158610 4 -1
380609 185976 4 -1
345234 188822 4 -1
362027 150348 4 -1
300294 178772 4 -1
315963 174031 4 -1
333787 189423 4 -1
337343 156614 4 -1
334812 137431 4 -1
347492 153416 4 -1
324518 167369 4 -1
353991 193997 4 -1
274321 219665 4 -1
335476 183897 4 -1
300021 159185 4 -1
384591 137729 4 -1
320000 162605 4 -1
268938 211870 4 -1
366146 196571 4 -1
356280 185198 4 -1
325767 164095 4 -1
350480 214608 4 -1
314791 163370 4 -1
302582 134124 4 -1
328851 147002 4 -1
347039 195468 4 -1
289531 145743 4 -1
343018 239960 4 -1
271123 163465 4 -1
326959 154655 4 -1
332307 189590 4 -1
310529 141617 4 -1
380281 205779 4 -1
411606 137378 4 -1
348191 165419 4 -1
305292 175260 4 -1
256120 141529 4 -1
390934 170420 4 -1
358562 112650 4 -1
355499 224982 4 -1
363437 77975 4 -1
232043 177614 4 -1
246753 175170 4 -1
327204 152871 4 -1
371685 151612 4 -1
291723 177824 4 -1
324488 180658 4 -1
340048 131847 4 -1
295311 115000 4 -1
239495 163949 4 -1
267521 119941 4 -1
401396 125431 4 -1
260930 184935 4 -1
336085 170252 4 -1
291782 159562 4 -1
307616 207295 4 -1
352910 145624 4 -1
294653 104623 4 -1
372883 222824 4 -1
318707 160697 4 -1
281548 175184 4 -1
307747 128551 4 -1
336991 217448 4 -1
270233 195701 4 -1
433100 134861 4 -1
311433 134432 4 -1
375353 117180 4 -1
315146 160782 4 -1
311163 166821 4 -1
305333 171939 4 -1
332470 161202 4 -1
302266 185591 4 -1
370775 144355 4 -1
314552 151035 4 -1
343145 172236 4 -1
331212 162496 4 -1
299460 144708 4 -1
383894 179880 4 -1
345703 149860 4 -1
331381 162660 4 -1
344364 213940 4 -1
378347 144880 4 -1
322789 137560 4 -1
328425 159826 4 -1
341137 78287 4 -1
317771 154916 4 -1
336266 148507 4 -1
342066 119083 4 -1
297177 88467 4 -1
280519 165350 4 -1
305901 166656 4 -1
284757 175853 4 -1
281732 221764 4 -1
321262 178491 4 -1
344710 213543 4 -1
311408 168232 4 -1
356500 188114 4 -1
304376 222294 4 -1
278116 185472 4 -1
247892 115217 4 -1
306326 164202 4 -1
311516 94189 4 -1
323747 163351 4 -1
321778 158339 4 -1
309501 166931 4 -1
333942 143344 4 -1
339393 209145 4 -1
340996 170964 4 -1
315333 144566 4 -1
332853 168141 4 -1
290958 168323 4 -1
297731 175876 4 -1
280274 182662 4 -1
306540 193434 4 -1
319155 159850 4 -1
355168 114823 4 -1
270201 236813 7 -1
347630 120931 4 -1
446538 180119 4 -1
371052 147369 4 -1
403365 215735 4 -1
258201 153095 4 -1
335121 214149 4 -1
283786 133973 4 -1
353951 133923 4 -1
345069 165968 4 -1
367079 183232 4 -1
363932 228249 4 -1
354132 161850 4 -1
390538 157197 4 -1
333805 148479 4 -1
325344 159885 4 -1
323905 168029 4 -1
274495 182470 4 -1
309684 150076 4 -1
381617 157000 4 -1
322841 169735 4 -1
359520 132845 4 -1
249616 144446 4 -1
321620 169950 4 -1
415495 116126 4 -1
335742 196692 4 -1
271424 251323 7 -1
340066 152500 4 -1
327734 163585 4 -1
346079 220993 4 -1
276741 143844 4 -1
377042 182019 4 -1
400055 131725 4 -1
332246 172932 4 -1
310386 171068 4 -1
327569 158418 4 -1
324444 166910 4 -1
317217 163896 4 -1
270404 183080 4 -1
277512 151920 4 -1
324966 170021 4 -1
306421 145493 4 -1
382419 110392 4 -1
318266 171979 4 -1
321245 141627 4 -1
318192 170844 4 -1
320821 165455 4 -1
329029 204399 4 -1
311065 219934 4 -1
287127 192494 4 -1
283571 109326 4 -1
308748 199866 4 -1
369490 164369 4 -1
270729 67329 4 -1
279010 181792 4 -1
282957 179982 4 -1
308489 145929 4 -1
327927 168535 4 -1
327022 161396 4 -1
376557 109320 4 -1
248427 146381 4 -1
321182 150806 4 -1
312337 154488 4 -1
268518 181514 4 -1
285865 167818 4 -1
279251 184486 4 -1
306042 66361 4 -1
318215 180010 4 -1
293978 197091 4 -1
338044 233264 4 -1
293864 241877 7 -1
344380 183817 4 -1
316257 171544 4 -1
248779 111087 4 -1
313783 177198 4 -1
415534 110526 4 -1
296164 96874 4 -1
315670 160928 4 -1
339137 160334 4 -1
290700 196285 4 -1
307107 174760 4 -1
325279 168587 4 -1
328423 161604 4 -1
333883 276840 7 -1
308555 134011 4 -1
322101 164171 4 -1
306357 123397 4 -1
292931 125341 4 -1
284378 223470 4 -1
335003 151395 4 -1
267212 158699 4 -1
343851 193618 4 -1
296627 93375 4 -1
334980 143900 4 -1
335235 180161 4 -1
360945 167952 4 -1
257841 193878 4 -1
275288 212315 4 -1
331798 143962 4 -1
333937 51121 4 -1
328775 156501 4 -1
319829 168353 4 -1
293201 192871 4 -1
327608 177638 4 -1
332562 174699 4 -1
348815 150017 4 -1
312227 159417 4 -1
324337 162686 4 -1
323329 93955 4 -1
291973 127483 4 -1
258779 106777 4 -1
325360 134919 4 -1
267264 153034 4 -1
312421 170617 4 -1
293350 175997 4 -1
275459 190178 4 -1
244344 185382 4 -1
252845 181181 4 -1
357923 192120 4 -1
382720 263255 4 -1
326040 156509 4 -1
165104 543395 6 -1
139903 592241 6 -1
132705 557674 6 -1
114311 601605 6 -1
102460 533057 6 -1
185935 554627 6 -1
123441 594415 6 -1
97216 564094 6 -1
110948 539533 6 -1
101553 517715 6 -1
133023 574572 6 -1
144570 573936 6 -1
136531 557658 6 -1
173576 507309 6 -1
179189 536028 6 -1
141238 557986 6 -1
156430 615117 6 -1
69169 631490 6 -1
31842 565765 6 -1
144620 575370 6 -1
155899 561715 6 -1
137451 555339 6 -1
68388 574380 6 -1
166290 521714 6 -1
210499 526471 6 -1
148319 584541 6 -1
135336 552552 6 -1
136606 562296 6 -1
136301 569544 6 -1
119386 620549 6 -1
139212 557713 6 -1
84501 604671 6 -1
176602 574552 6 -1
105945 528795 6 -1
140989 537156 6 -1
138449 555969 6 -1
128669 574591 6 -1
95749 602775 6 -1
139460 557260 6 -1
130440 562623 6 -1
147885 527813 6 -1
58190 608304 6 -1
151701 574146 6 -1
148385 538149 6 -1
142668 544976 6 -1
145251 553486 6 -1
142265 546135 6 -1
202913 525966 6 -1
192564 547558 6 -1
179240 577011 6 -1
182840 584262 6 -1
144242 557674 6 -1
135849 550612 6 -1
101427 615890 6 -1
143265 548387 6 -1
112379 547679 6 -1
137347 622867 6 -1
139146 569516 6 -1
125756 579609 6 -1
77109 512651 6 -1
138073 556272 6 -1
202547 601240 6 -1
19835 570290 6 -1
118137 579149 6 -1
201324 574588 6 -1
113259 568684 6 -1
139052 610320 6 -1
177246 571940 6 -1
107972 601191 6 -1
138199 541774 6 -1
220156 589643 6 -1
137787 566189 6 -1
138122 557230 6 -1
93136 613387 6 -1
154620 576738 6 -1
131523 568207 6 -1
136967 565662 6 -1
142886 556511 6 -1
125005 540340 6 -1
138965 558201 6 -1
139474 569485 6 -1
171471 576787 6 -1
157138 565993 6 -1
198294 552987 6 -1
136078 547418 6 -1
140164 531093 6 -1
156003 502860 6 -1
67867 545392 6 -1
133780 533275 6 -1
116142 550919 6 -1
148510 579793 6 -1
179224 584189 6 -1
149906 546909 6 -1
29760 557873 6 -1
115287 602637 6 -1
206561 574789 6 -1
108651 521409 6 -1
115905 560139 6 -1
127373 549518 6 -1
141699 530028 6 -1
141641 557376 6 -1
111855 531542 6 -1
136580 553967 6 -1
137516 556818 6 -1
179793 483378 6 -1
105568 584102 6 -1
125840 520239 6 -1
117212 565692 6 -1
140717 554093 6 -1
139033 593287 6 -1
172882 571145 6 -1
104862 608089 6 -1
158366 537970 6 -1
138525 534268 6 -1
69565 599820 6 -1
94571 528963 6 -1
153185 562792 6 -1
147599 513563 6 -1
223226 546198 6 -1
143879 536650 6 -1
151099 518008 6 -1
109317 531425 6 -1
127202 525948 6 -1
137740 618961 6 -1
138734 557713 6 -1
109912 565003 6 -1
158060 525533 6 -1
260096 530550 6 -1
134449 557556 6 -1
121650 599844 6 -1
188992 563992 6 -1
207218 589497 6 -1
179830 547383 6 -1
152331 529689 6 -1
112184 530469 6 -1
166904 503121 6 -1
183026 545377 6 -1
152658 569277 6 -1
172116 513383 6 -1
95899 530846 6 -1
144325 538991 6 -1
166597 572855 6 -1
105193 596017 6 -1
166840 562425 6 -1
117089 561455 6 -1
141718 549576 6 -1
117959 536156 6 -1
125351 529954 6 -1
140706 547367 6 -1
138012 558263 6 -1
135284 555664 6 -1
142663 556520 6 -1
112673 516997 6 -1
137657 611252 6 -1
119237 591137 6 -1
186380 487625 6 -1
113099 546732 6 -1
176278 550602 6 -1
158773 588778 6 -1
140962 518168 6 -1
144856 551807 6 -1
155943 576199 6 -1
152584 564548 6 -1
165356 570715 6 -1
127858 609681 6 -1
257984 555707 6 -1
149758 564768 6 -1
129550 560106 6 -1
159271 568953 6 -1
151374 538387 6 -1
129030 588495 6 -1
155430 549012 6 -1
172756 612694 6 -1
93459 514032 6 -1
99569 523174 6 -1
148080 544056 6 -1
169322 577938 6 -1
173847 514665 6 -1
136418 562926 6 -1
140047 540043 6 -1
74519 527539 6 -1
146681 562995 6 -1
110877 562558 6 -1
95071 503965 6 -1
136232 576477 6 -1
146120 576624 6 -1
259173 548593 6 -1
107965 535173 6 -1
103153 601002 6 -1
158283 570550 6 -1
206219 604081 6 -1
116492 509399 6 -1
97430 598804 6 -1
193275 538687 6 -1
116860 550810 6 -1
179834 541387 6 -1
143226 522375 6 -1
111174 539350 6 -1
94933 588147 6 -1
139434 557410 6 -1
131532 536658 6 -1
38179 532155 6 -1
113321 606322 6 -1
123905 508486 6 -1
201753 569116 6 -1
206660 575002 6 -1
138884 529162 6 -1
139636 565984 6 -1
110479 594587 6 -1
76253 529394 6 -1
160280 493497 6 -1
161475 587507 6 -1
149054 556986 6 -1
223408 520131 6 -1
158596 562634 6 -1
141991 539522 6 -1
137172 523482 6 -1
161154 538355 6 -1
130157 581286 6 -1
142000 554964 6 -1
86243 559135 6 -1
130883 557824 6 -1
127964 538935 6 -1
122130 568886 6 -1
210597 589836 6 -1
139847 552015 6 -1
147664 559632 6 -1
167716 562762 6 -1
130657 555545 6 -1
165382 518876 6 -1
221994 575146 6 -1
87236 607429 6 -1
154268 542573 6 -1
197367 535989 6 -1
133094 557996 6 -1
155274 552551 6 -1
139911 561185 6 -1
146924 565933 6 -1
146183 622188 6 -1
176092 531921 6 -1
184402 546549 6 -1
139641 557503 6 -1
170816 547069 6 -1
156474 570384 6 -1
146678 558942 6 -1
136569 532130 6 -1
162124 500069 6 -1
127503 623654 6 -1
182854 534283 6 -1
141222 572556 6 -1
177665 557923 6 -1
201907 516078 6 -1
130249 579307 6 -1
166560 559687 6 -1
138220 560056 6 -1
134725 537440 6 -1
127940 590467 6 -1
143592 606949 6 -1
64979 538104 6 -1
94061 576129 6 -1
79285 554817 6 -1
103192 550021 6 -1
198823 538624 6 -1
145758 562414 6 -1
211584 591058 6 -1
139451 549580 6 -1
220224 592068 6 -1
150404 539885 6 -1
142767 538646 6 -1
143912 595772 6 -1
184412 537050 6 -1
55359 623076 6 -1
137197 556522 6 -1
138461 558771 6 -1
80673 566893 6 -1
203667 577260 6 -1
94249 600812 6 -1
145244 561042 6 -1
94458 533883 6 -1
130201 562734 6 -1
98675 580608 6 -1
134422 544300 6 -1
141771 551655 6 -1
141924 558399 6 -1
137316 562151 6 -1
143363 551365 6 -1
197849 575524 6 -1
134261 519275 6 -1
129997 568115 6 -1
170494 560892 6 -1
164453 544085 6 -1
128788 546091 6 -1
88703 577217 6 -1
131109 568012 6 -1
95074 570002 6 -1
232047 522748 6 -1
125548 552424 6 -1
142563 560090 6 -1
118391 553625 6 -1
132497 593125 6 -1
162713 586568 6 -1
122296 566921 6 -1
56907 586609 6 -1
48143 523870 6 -1
104489 542515 6 -1
130582 565948 6 -1
180633 570302 6 -1
241485 523039 6 -1
178005 594957 6 -1
211266 534538 6 -1
137680 555667 6 -1
144401 565666 6 -1
101722 535117 6 -1
115781 594942 6 -1
107160 530936 6 -1
139978 587153 6 -1
179931 536588 6 -1
105353 589239 6 -1
119496 543146 6 -1
142575 517378 6 -1
76661 531044 6 -1
137699 556769 6 -1
154964 554923 6 -1
142516 559062 6 -1
98525 579761 6 -1
163925 576666 6 -1
153326 558408 6 -1
262846 559590 6 -1
102898 592834 6 -1
138349 554238 6 -1
193502 557364 6 -1
202175 495076 6 -1
154162 536416 6 -1
77875 516899 6 -1
163477 561507 6 -1
131874 552586 6 -1
120357 560737 6 -1
119535 551857 6 -1
114108 540537 6 -1
136059 558213 6 -1
121786 564225 6 -1
233105 591646 6 -1
149760 577278 6 -1
139237 548782 6 -1
34795 606311 6 -1
147663 555514 6 -1
108512 525986 6 -1
509279 180548 4 -1
495165 163113 4 -1
474652 193224 4 -1
507786 199578 4 -1
566666 195255 4 -1
506012 178372 4 -1
541435 206637 4 -1
507311 177795 4 -1
461701 188438 4 -1
506069 169723 4 -1
477155 161019 4 -1
505044 180646 4 -1
467697 168082 4 -1
511868 170991 4 -1
500225 177559 4 -1
460616 174810 4 -1
573755 218049 4 -1
543616 144788 4 -1
509804 175714 4 -1
542311 161882 4 -1
475944 189337 4 -1
517750 199025 4 -1
520952 169184 4 -1
559076 190770 4 -1
416763 96639 4 -1
549384 208450 4 -1
549147 171454 4 -1
520880 200955 4 -1
484348 202813 4 -1
487472 166999 4 -1
504728 174541 4 -1
465734 114090 4 -1
570266 188032 4 -1
505584 176135 4 -1
514739 189624 4 -1
500589 181466 4 -1
504096 192493 4 -1
553118 165472 4 -1
502511 205121 4 -1
551798 221411 4 -1
502737 174437 4 -1
513181 177419 4 -1
513010 141058 4 -1
535564 177248 4 -1
514551 176526 4 -1
450030 169537 4 -1
521152 152439 4 -1
505512 203857 4 -1
509928 184873 4 -1
490271 216725 4 -1
529931 180136 4 -1
508228 220433 4 -1
534461 178056 4 -1
508551 174306 4 -1
545365 210090 4 -1
510414 142485 4 -1
507895 177445 4 -1
506288 177990 4 -1
512560 224816 4 -1
454160 102568 4 -1
437116 148591 4 -1
519003 160741 4 -1
509173 178051 4 -1
507674 147431 4 -1
513562 229098 4 -1
473361 185066 4 -1
517580 170329 4 -1
509285 174620 4 -1
510496 174308 4 -1
438860 114065 4 -1
534702 244239 4 -1
504755 150226 4 -1
474135 199330 4 -1
508907 173787 4 -1
509651 149290 4 -1
490956 124550 4 -1
499637 194036 4 -1
515856 148316 4 -1
482568 159010 4 -1
522728 184704 4 -1
493070 189771 4 -1
483807 198925 4 -1
469656 153741 4 -1
470041 102049 4 -1
576965 187481 4 -1
515230 149567 4 -1
469470 189347 4 -1
484678 123623 4 -1
509554 186931 4 -1
480787 147737 4 -1
523036 123677 4 -1
508144 167733 4 -1
515450 173220 4 -1
489378 172861 4 -1
497406 125809 4 -1
514173 139330 4 -1
520809 176718 4 -1
499009 205823 4 -1
509773 148899 4 -1
505117 141877 4 -1
494698 176711 4 -1
501334 163002 4 -1
502500 176532 4 -1
546565 151576 4 -1
520878 209094 4 -1
486891 175164 4 -1
512241 169240 4 -1
569692 182365 4 -1
491382 122267 4 -1
457033 127590 4 -1
535453 200970 4 -1
436641 55171 4 -1
520845 176291 4 -1
496130 178113 4 -1
507473 227670 4 -1
507092 175151 4 -1
493714 173387 4 -1
528826 154067 4 -1
509951 176794 4 -1
505400 160422 4 -1
473316 162622 4 -1
489504 146224 4 -1
516888 152451 4 -1
505128 175022 4 -1
520819 181586 4 -1
506812 167031 4 -1
495032 203929 4 -1
508789 174256 4 -1
502302 210265 4 -1
511106 122518 4 -1
486997 164803 4 -1
535787 199735 4 -1
540364 163758 4 -1
496006 191010 4 -1
497454 172375 4 -1
488330 173837 4 -1
547076 156969 4 -1
509956 141698 4 -1
516084 178725 4 -1
535034 172649 4 -1
529858 213114 4 -1
496384 166644 4 -1
519201 139101 4 -1
575022 213534 4 -1
469404 181944 4 -1
464672 193513 4 -1
491609 180519 4 -1
470314 178936 4 -1
481067 172555 4 -1
508797 176269 4 -1
491145 206344 4 -1
485361 169229 4 -1
474527 107596 4 -1
499643 171625 4 -1
514722 190943 4 -1
474641 81263 4 -1
495995 160032 4 -1
516963 174184 4 -1
521006 163218 4 -1
434581 123267 4 -1
514876 182995 4 -1
501416 172980 4 -1
513991 165072 4 -1
512900 219252 4 -1
510739 121103 4 -1
509522 174376 4 -1
507862 172954 4 -1
512716 181316 4 -1
483423 111797 4 -1
505603 147517 4 -1
482628 171320 4 -1
541790 172616 4 -1
473649 178184 4 -1
520763 250478 4 -1
494000 189403 4 -1
533931 173291 4 -1
485110 150541 4 -1
528679 199079 4 -1
545699 174099 4 -1
517495 186329 4 -1
520461 173217 4 -1
456821 105575 4 -1
495388 156422 4 -1
514934 219169 4 -1
508989 168995 4 -1
500474 169746 4 -1
504511 149234 4 -1
467144 147308 4 -1
512733 174091 4 -1
452791 156805 4 -1
488800 197919 4 -1
593887 210595 4 -1
561725 168220 4 -1
528011 201615 4 -1
514428 222503 4 -1
512051 145220 4 -1
472054 129986 4 -1
507959 166780 4 -1
518068 137556 4 -1
561110 219865 4 -1
563315 215613 4 -1
523779 163905 4 -1
490037 164357 4 -1
519421 154681 4 -1
504373 165819 4 -1
513957 139202 4 -1
486422 178919 4 -1
533351 147778 4 -1
511030 221292 4 -1
496069 102201 4 -1
496491 171534 4 -1
497254 171940 4 -1
518892 165875 4 -1
481083 151953 4 -1
507741 178883 4 -1
486224 196184 4 -1
509039 173839 4 -1
462658 75167 4 -1
519680 208378 4 -1
499676 196897 4 -1
480876 160465 4 -1
521032 177084 4 -1
486034 196122 4 -1
505225 158750 4 -1
485968 123023 4 -1
478442 125560 4 -1
502355 164119 4 -1
502915 183059 4 -1
497211 174121 4 -1
537174 194410 4 -1
505293 194591 4 -1
491442 116195 4 -1
473202 140745 4 -1
505079 219082 4 -1
541455 223176 4 -1
528938 174372 4 -1
528094 178343 4 -1
520759 184923 4 -1
538994 179328 4 -1
507832 181513 4 -1
493897 189627 4 -1
514408 173338 4 -1
514391 156592 4 -1
513362 223841 4 -1
443618 157237 4 -1
477746 163845 4 -1
480571 204150 4 -1
486326 174643 4 -1
505384 174535 4 -1
541220 177840 4 -1
522869 176818 4 -1
497255 188783 4 -1
545240 221008 4 -1
512291 169608 4 -1
576158 210283 4 -1
508099 175066 4 -1
545455 182232 4 -1
537836 177165 4 -1
508597 173640 4 -1
507445 193647 4 -1
524397 239456 4 -1
527753 213985 4 -1
528766 239937 4 -1
481356 162127 4 -1
541498 192746 4 -1
506142 170513 4 -1
494574 198972 4 -1
477901 173288 4 -1
509223 177592 4 -1
532010 176195 4 -1
541006 175198 4 -1
490355 153464 4 -1
566524 179796 4 -1
550216 184337 4 -1
516085 195504 4 -1
523796 219588 4 -1
511118 175212 4 -1
445043 152257 4 -1
497582 190801 4 -1
514622 206979 4 -1
479631 178459 4 -1
496476 140337 4 -1
498389 178069 4 -1
506361 225237 4 -1
519396 177174 4 -1
529409 157228 4 -1
501111 157402 4 -1
514219 167014 4 -1
558307 203307 4 -1
545957 196749 4 -1
508080 175697 4 -1
589900 217899 4 -1
509383 167302 4 -1
474516 189144 4 -1
498730 183037 4 -1
473093 188791 4 -1
471328 176297 4 -1
510901 175806 4 -1
559809 162597 4 -1
499272 168413 4 -1
514981 172608 4 -1
511289 183247 4 -1
455460 153040 4 -1
519962 175210 4 -1
532549 172894 4 -1
516128 178722 4 -1
519113 194925 4 -1
502877 192740 4 -1
520782 134308 4 -1
574369 207483 4 -1
515494 188459 4 -1
486870 146947 4 -1
484395 107291 4 -1
504243 237336 4 -1
483776 213021 4 -1
536623 213083 4 -1
544539 180391 4 -1
502002 166223 4 -1
500801 185558 4 -1
525670 184762 4 -1
481841 209337 4 -1
494317 170837 4 -1
521153 242968 4 -1
473933 191767 4 -1
524502 248106 4 -1
487952 168607 4 -1
460133 173081 4 -1
453261 148432 4 -1
491792 214464 4 -1
497815 165151 4 -1
515348 184750 4 -1
598908 254032 4 -1
558478 213316 4 -1
538228 168834 4 -1
464634 173867 4 -1
518675 175686 4 -1
533566 214619 4 -1
540196 180312 4 -1
500360 213540 4 -1
517882 175467 4 -1
549642 157506 4 -1
511368 173673 4 -1
506815 173387 4 -1
500192 192292 4 -1
533775 163036 4 -1
511484 160453 4 -1
489062 200329 4 -1
537514 179689 4 -1
551867 170425 4 -1
406184 394506 7 -1
417996 408162 7 -1
428667 451233 7 -1
425386 379634 7 -1
388202 405780 7 -1
370955 325071 7 -1
353749 391896 7 -1
398629 401626 7 -1
393402 401018 7 -1
465599 383470 8 -1
400257 404936 7 -1
444610 400247 7 -1
392046 391220 7 -1
410506 395586 7 -1
508805 429073 8 -1
424782 449687 7 -1
384467 407359 7 -1
397399 403186 7 -1
449683 388863 7 -1
387756 435588 7 -1
451753 383440 7 -1
414448 429790 7 -1
394599 409068 7 -1
387330 409037 7 -1
402109 430185 7 -1
393825 453067 7 -1
412111 418466 7 -1
397213 377839 7 -1
361159 436327 7 -1
383075 447616 7 -1
383832 340506 7 -1
402227 414685 7 -1
411957 397796 7 -1
377408 395123 7 -1
417231 381303 7 -1
442915 420573 7 -1
415394 396940 7 -1
420792 430901 7 -1
397791 444527 7 -1
385804 393101 7 -1
384572 388523 7 -1
402069 434868 7 -1
414997 432597 7 -1
392919 405103 7 -1
396150 430329 7 -1
439145 407748 7 -1
401240 354085 7 -1
424228 442208 7 -1
336023 416862 7 -1
351352 362910 7 -1
413549 408517 7 -1
341775 425156 7 -1
424811 413300 7 -1
402677 412615 7 -1
419118 421655 7 -1
354601 358760 7 -1
410682 349328 7 -1
399020 404042 7 -1
392258 405478 7 -1
353941 399967 7 -1
411471 446824 7 -1
397158 370362 7 -1
431117 394746 7 -1
395246 392783 7 -1
400468 405703 7 -1
354094 424230 7 -1
352429 359750 7 -1
358830 431609 7 -1
387039 365758 7 -1
395013 387179 7 -1
400545 404212 7 -1
435067 403802 7 -1
394436 450912 7 -1
376444 371957 7 -1
433463 410297 7 -1
426625 475977 7 -1
424241 452915 7 -1
396520 405610 7 -1
347638 429109 7 -1
374797 407601 7 -1
451670 388347 7 -1
373684 418326 7 -1
412615 403902 7 -1
392428 402295 7 -1
389868 410718 7 -1
383022 409854 7 -1
468350 395883 8 -1
373339 398565 7 -1
383878 376230 7 -1
434815 388041 7 -1
368864 411216 7 -1
321050 422497 7 -1
276794 384458 7 -1
383197 409869 7 -1
381340 409680 7 -1
415521 368125 7 -1
404288 349685 7 -1
367922 415238 7 -1
422056 382193 7 -1
407334 445969 7 -1
373917 427628 7 -1
422261 374345 7 -1
392728 411341 7 -1
336585 420977 7 -1
401730 354294 7 -1
401854 402867 7 -1
401330 395538 7 -1
393903 387227 7 -1
399188 402459 7 -1
389510 370897 7 -1
399858 403574 7 -1
343651 438750 7 -1
388743 388465 7 -1
398246 406245 7 -1
400727 396769 7 -1
399077 403968 7 -1
402071 427626 7 -1
405902 394724 7 -1
383992 398245 7 -1
372230 412488 7 -1
418086 394699 7 -1
400305 466024 7 -1
380458 329635 7 -1
338347 337961 7 -1
411171 426853 7 -1
392447 408539 7 -1
375233 399429 7 -1
385338 440797 7 -1
397764 406712 7 -1
414290 393146 7 -1
394846 407130 7 -1
402252 414628 7 -1
332913 385678 7 -1
396517 394572 7 -1
388479 343648 7 -1
405569 411933 7 -1
444816 409502 7 -1
393659 439272 7 -1
415222 434798 7 -1
396621 381952 7 -1
416893 347737 7 -1
398980 407667 7 -1
404273 429948 7 -1
397851 400846 7 -1
447192 359893 7 -1
350428 392503 7 -1
451853 420873 8 -1
402566 415798 7 -1
362753 369848 7 -1
407188 396576 7 -1
380139 434251 7 -1
409167 449719 7 -1
405470 392374 7 -1
359036 365793 7 -1
398617 402424 7 -1
408714 391412 7 -1
382222 441817 7 -1
403751 385539 7 -1
400548 402390 7 -1
393828 404314 7 -1
373943 376926 7 -1
390182 360941 7 -1
391776 409868 7 -1
342501 336320 7 -1
401923 417123 7 -1
342400 426090 7 -1
405325 407466 7 -1
369480 377148 7 -1
416110 374296 7 -1
401162 412142 7 -1
442931 430123 7 -1
478361 409520 8 -1
401313 405195 7 -1
357466 354094 7 -1
417617 414816 7 -1
417281 410881 7 -1
470047 410943 8 -1
378824 430343 7 -1
369227 397853 7 -1
397918 462032 7 -1
397331 407010 7 -1
427810 400178 7 -1
401708 409924 7 -1
426172 363147 7 -1
401411 414503 7 -1
409823 412908 7 -1
386068 422517 7 -1
398255 405428 7 -1
346358 384801 7 -1
397735 448097 7 -1
348847 425164 7 -1
394761 461494 7 -1
357253 388075 7 -1
402267 410395 7 -1
415233 441297 7 -1
404445 402466 7 -1
408224 399767 7 -1
369044 371649 7 -1
343119 382074 7 -1
416750 435776 7 -1
387103 401925 7 -1
368200 364844 7 -1
393758 439738 7 -1
418623 404382 7 -1
402660 406054 7 -1
427749 457110 7 -1
405356 391545 7 -1
432184 395118 7 -1
322936 368566 7 -1
402710 424367 7 -1
456025 389630 7 -1
395450 407822 7 -1
377941 403683 7 -1
407576 434017 7 -1
348263 386451 7 -1
391966 387214 7 -1
392576 406460 7 -1
380236 460907 7 -1
398153 407081 7 -1
399942 385908 7 -1
398795 472619 7 -1
467535 416014 8 -1
377758 413906 7 -1
398724 404179 7 -1
396710 378698 7 -1
377588 402670 7 -1
408992 462226 7 -1
423371 373970 7 -1
412861 434751 7 -1
403160 392159 7 -1
395168 404189 7 -1
399346 423786 7 -1
409244 460295 7 -1
429515 393708 7 -1
370602 353215 7 -1
356739 417826 7 -1
408147 436628 7 -1
436362 379677 7 -1
399291 386712 7 -1
396081 396707 7 -1
419200 403389 7 -1
383855 390984 7 -1
370252 347498 7 -1
460198 402706 8 -1
418046 358461 7 -1
408500 393942 7 -1
397618 404912 7 -1
392660 395873 7 -1
406739 400918 7 -1
439048 403700 7 -1
392424 375266 7 -1
379128 418858 7 -1
391970 419802 7 -1
389279 424006 7 -1
468907 448885 8 -1
410601 410653 7 -1
396556 406492 7 -1
417795 405673 7 -1
375971 427549 7 -1
414374 439977 7 -1
368363 409733 7 -1
402081 407514 7 -1
399753 404222 7 -1
424840 479570 7 -1
381863 416651 7 -1
394606 401451 7 -1
389520 406500 7 -1
418140 415328 7 -1
387461 394402 7 -1
391384 413273 7 -1
391439 399819 7 -1
365223 422531 7 -1
407189 437102 7 -1
415933 422485 7 -1
402031 426039 7 -1
428513 456990 7 -1
382396 405483 7 -1
368166 429422 7 -1
418636 440000 7 -1
411674 402377 7 -1
424365 371987 7 -1
394159 411676 7 -1
371548 414612 7 -1
460628 434107 8 -1
399717 403257 7 -1
361875 448199 7 -1
393424 399084 7 -1
333682 401078 7 -1
377870 377550 7 -1
405117 364266 7 -1
452398 378671 7 -1
397889 398501 7 -1
424089 352640 7 -1
417494 392231 7 -1
402851 395579 7 -1
376493 366302 7 -1
460684 371809 7 -1
449571 387141 7 -1
405322 414743 7 -1
420489 448078 7 -1
377975 461076 7 -1
492551 434649 8 -1
477323 384551 8 -1
359740 379592 7 -1
429653 438596 7 -1
361814 411086 7 -1
400660 404811 7 -1
410418 409414 7 -1
392162 355397 7 -1
376145 414107 7 -1
371464 328177 7 -1
379593 380662 7 -1
448231 384406 7 -1
404157 406324 7 -1
420616 401526 7 -1
398985 413427 7 -1
400538 407020 7 -1
391530 398743 7 -1
408182 408351 7 -1
435926 408504 7 -1
411090 435389 7 -1
398311 383357 7 -1
409291 431539 7 -1
399460 399410 7 -1
400473 408327 7 -1
399693 395271 7 -1
431437 436764 7 -1
312123 419763 7 -1
411053 432808 7 -1
401616 404245 7 -1
364455 436191 7 -1
407833 402474 7 -1
367864 442851 7 -1
437870 375761 7 -1
308726 371721 7 -1
418996 389541 7 -1
371498 393120 7 -1
407429 399155 7 -1
380749 403860 7 -1
399997 411205 7 -1
377215 418429 7 -1
380202 396671 7 -1
436034 385951 7 -1
395210 357805 7 -1
415136 446807 7 -1
315013 318367 7 -1
372424 413163 7 -1
340966 420480 7 -1
354767 417464 7 -1
387165 404027 7 -1
854654 549222 2 -1
889260 541423 2 -1
870826 524625 2 -1
868025 569296 2 -1
861364 598127 2 -1
825141 535997 2 -1
906640 587296 2 -1
906396 535803 2 -1
887896 558572 2 -1
817776 525600 2 -1
844066 546029 2 -1
848976 558706 2 -1
897131 604582 2 -1
845120 549830 2 -1
872241 556733 2 -1
857818 534525 2 -1
794265 594573 2 -1
857126 548151 2 -1
842786 614034 2 -1
889975 589361 2 -1
841130 529745 2 -1
813561 583156 2 -1
855603 542414 2 -1
887556 531797 2 -1
837032 509264 2 -1
852037 649724 2 -1
793791 581315 2 -1
904450 533427 2 -1
879722 550246 2 -1
839088 528460 2 -1
869369 536868 2 -1
871873 509094 2 -1
900991 497149 2 -1
919544 541255 2 -1
860520 544023 2 -1
863042 557890 2 -1
889805 522039 2 -1
879031 489881 2 -1
852918 552112 2 -1
903840 586229 2 -1
932662 537069 2 -1
908506 549611 2 -1
867533 542290 2 -1
844617 499013 2 -1
862002 534006 2 -1
883981 607581 2 -1
864265 549505 2 -1
883062 547498 2 -1
860870 546516 2 -1
895565 501871 2 -1
843344 604964 2 -1
864059 545894 2 -1
830888 544022 2 -1
858819 544904 2 -1
853562 531620 2 -1
873791 606643 2 -1
859213 538040 2 -1
841843 503359 2 -1
842719 506205 2 -1
847904 574114 2 -1
863859 546898 2 -1
888919 535805 2 -1
855045 547633 2 -1
863102 545783 2 -1
829747 530312 2 -1
850607 565348 2 -1
810277 520837 2 -1
879104 595389 2 -1
840406 538772 2 -1
838367 536676 2 -1
837457 518745 2 -1
861519 531277 2 -1
816056 542574 2 -1
862534 547936 2 -1
808555 600511 2 -1
862571 550965 2 -1
832010 554080 2 -1
882403 534710 2 -1
840020 568424 2 -1
865030 541150 2 -1
846594 522941 2 -1
890223 556874 2 -1
873136 513309 2 -1
846622 553552 2 -1
905770 531812 2 -1
803216 577565 2 -1
914183 620056 2 -1
877510 555087 2 -1
861193 573954 2 -1
840994 578455 2 -1
875640 561262 2 -1
876782 536438 2 -1
849501 552769 2 -1
866973 550375 2 -1
906382 534459 2 -1
822722 553764 2 -1
861656 545794 2 -1
856991 546255 2 -1
865081 551012 2 -1
895680 609341 2 -1
867801 548156 2 -1
846324 557586 2 -1
840059 534876 2 -1
860473 545982 2 -1
937823 540173 2 -1
886532 500026 2 -1
904133 534915 2 -1
880545 506175 2 -1
833499 504718 2 -1
854979 539793 2 -1
818739 545052 2 -1
825596 639465 2 -1
838036 542999 2 -1
846216 528037 2 -1
850790 525740 2 -1
864040 538985 2 -1
869818 543227 2 -1
879309 561548 2 -1
860563 534839 2 -1
846082 541026 2 -1
860151 543055 2 -1
847292 559228 2 -1
838239 576018 2 -1
837307 548214 2 -1
853093 586321 2 -1
884326 479802 2 -1
838978 622330 2 -1
842903 567914 2 -1
832490 450680 2 -1
844948 563321 2 -1
859577 544625 2 -1
908409 591215 2 -1
819843 570485 2 -1
875625 599766 2 -1
887780 536497 2 -1
884613 507507 2 -1
849858 524682 2 -1
846741 539481 2 -1
870630 516603 2 -1
843111 581603 2 -1
869718 536928 2 -1
857648 511640 2 -1
881571 532467 2 -1
860230 528054 2 -1
861966 562885 2 -1
898736 548642 2 -1
961951 577029 2 -1
866878 501919 2 -1
874791 559085 2 -1
874239 594786 2 -1
915504 527751 2 -1
758172 608152 2 -1
859515 505303 2 -1
861033 507671 2 -1
837880 444574 2 -1
827672 545966 2 -1
869960 562146 2 -1
858151 548242 2 -1
877440 529137 2 -1
821835 564313 2 -1
846371 578530 2 -1
829482 475863 2 -1
860507 526669 2 -1
878696 530134 2 -1
837312 572687 2 -1
886773 509047 2 -1
879805 547494 2 -1
859679 541785 2 -1
910683 612854 2 -1
860863 546060 2 -1
874110 541972 2 -1
790149 565157 2 -1
873984 580836 2 -1
873742 448214 2 -1
894785 440382 2 -1
874312 574582 2 -1
879902 518647 2 -1
851462 526597 2 -1
839012 550376 2 -1
808097 502521 2 -1
879500 590791 2 -1
864721 548447 2 -1
866044 584750 2 -1
876151 582116 2 -1
819250 517655 2 -1
807278 566392 2 -1
872033 558924 2 -1
894268 532597 2 -1
846752 613846 2 -1
850478 566230 2 -1
849777 531138 2 -1
823584 568458 2 -1
823202 619103 2 -1
843715 568319 2 -1
861023 545953 2 -1
889743 560547 2 -1
862785 579661 2 -1
880833 537039 2 -1
854374 550707 2 -1
842616 515205 2 -1
860721 547751 2 -1
831024 505776 2 -1
829240 591428 2 -1
860384 555572 2 -1
853348 525893 2 -1
849118 571562 2 -1
856167 542249 2 -1
853874 560250 2 -1
838808 524944 2 -1
814561 575281 2 -1
773292 531652 2 -1
891515 520429 2 -1
805884 549492 2 -1
833437 556713 2 -1
843432 490725 2 -1
791355 529644 2 -1
865157 562132 2 -1
920249 551171 2 -1
808777 512952 2 -1
898916 630099 2 -1
863706 491401 2 -1
857231 551055 2 -1
877413 541536 2 -1
838821 563842 2 -1
854037 528890 2 -1
824475 518063 2 -1
857360 562228 2 -1
856437 532452 2 -1
862117 600081 2 -1
839280 539324 2 -1
885379 603686 2 -1
859185 553000 2 -1
865020 550686 2 -1
882007 593653 2 -1
861027 546004 2 -1
846772 509036 2 -1
844627 556401 2 -1
861069 548327 2 -1
854342 541611 2 -1
844086 531300 2 -1
923996 594948 2 -1
832154 559403 2 -1
803202 549001 2 -1
856619 544008 2 -1
897286 558004 2 -1
851216 516166 2 -1
858537 548576 2 -1
828001 524067 2 -1
849327 548496 2 -1
858278 544519 2 -1
793875 473793 2 -1
766617 548142 2 -1
847728 576707 2 -1
858418 546935 2 -1
816840 539239 2 -1
852687 540692 2 -1
861927 562723 2 -1
892382 513991 2 -1
811745 461099 2 -1
800152 576217 2 -1
870139 566584 2 -1
859492 572224 2 -1
830226 483466 2 -1
850674 533083 2 -1
834632 541216 2 -1
899052 526048 2 -1
925485 596955 2 -1
893145 551400 2 -1
839493 521150 2 -1
883434 581923 2 -1
873380 495161 2 -1
765011 607246 2 -1
898578 612291 2 -1
906772 510158 2 -1
858325 586062 2 -1
795909 462864 2 -1
812634 554848 2 -1
846841 533595 2 -1
810817 509540 2 -1
826192 577784 2 -1
856552 545271 2 -1
848628 503773 2 -1
784291 581417 2 -1
890613 567037 2 -1
870936 575427 2 -1
851166 532382 2 -1
871544 592403 2 -1
870337 534303 2 -1
819580 545900 2 -1
912649 498734 2 -1
870214 556246 2 -1
853279 560714 2 -1
857319 543529 2 -1
878519 606677 2 -1
858057 542933 2 -1
860375 544804 2 -1
888111 525539 2 -1
892877 544283 2 -1
788776 582930 2 -1
875311 542259 2 -1
875248 462524 2 -1
835831 555864 2 -1
885828 586348 2 -1
916704 609548 2 -1
893991 544467 2 -1
866352 535933 2 -1
872247 494281 2 -1
832372 600070 2 -1
902302 514170 2 -1
877298 565604 2 -1
873636 510687 2 -1
854818 554389 2 -1
915666 506439 2 -1
905849 524809 2 -1
862062 545736 2 -1
871981 649086 2 -1
900829 590250 2 -1
859419 546754 2 -1
855983 534803 2 -1
916082 517633 2 -1
874877 535143 2 -1
885963 528959 2 -1
853439 518568 2 -1
855177 626376 2 -1
814249 488483 2 -1
857283 548467 2 -1
865489 548920 2 -1
913686 576892 2 -1
880275 564545 2 -1
861381 546835 2 -1
880958 588608 2 -1
868979 528502 2 -1
872237 555834 2 -1
861868 549168 2 -1
836951 546244 2 -1
836874 555991 2 -1
769546 554722 2 -1
855074 542557 2 -1
868128 568529 2 -1
878859 540155 2 -1
852267 498220 2 -1
874125 543036 2 -1
846646 548548 2 -1
851517 541076 2 -1
806888 492319 2 -1
831779 577161 2 -1
860259 545444 2 -1
892423 530999 2 -1
838442 506780 2 -1
853291 557685 2 -1
730887 825972 5 -1
645233 927201 5 -1
645563 819480 5 -1
573324 878802 5 -1
693699 822637 5 -1
649412 856993 5 -1
684558 878573 5 -1
656658 854609 5 -1
651506 856097 5 -1
618405 842859 5 -1
667280 765619 5 -1
600996 890782 5 -1
674463 862486 5 -1
676694 851597 5 -1
620685 880813 5 -1
716590 874975 5 -1
721401 951880 5 -1
657094 857640 5 -1
644693 867371 5 -1
633601 861482 5 -1
673646 857346 5 -1
657184 855509 5 -1
708244 871834 5 -1
659081 860560 5 -1
657811 885904 5 -1
642843 909185 5 -1
709303 897538 5 -1
610505 851476 5 -1
612648 772280 5 -1
673196 812941 5 -1
673267 883727 5 -1
694451 863981 5 -1
678869 902492 5 -1
690018 819280 5 -1
677983 890077 5 -1
639997 865965 5 -1
709254 847444 5 -1
679799 858680 5 -1
664355 831472 5 -1
659166 861665 5 -1
692386 863386 5 -1
688076 833905 5 -1
680506 840053 5 -1
641840 886745 5 -1
673292 857105 5 -1
622212 860015 5 -1
736557 897961 5 -1
668234 886696 5 -1
675013 876331 5 -1
675902 853961 5 -1
695092 820091 5 -1
730287 897070 5 -1
691716 873426 5 -1
722404 952207 5 -1
678606 878004 5 -1
664156 846474 5 -1
688118 911574 5 -1
674492 861230 5 -1
675382 836312 5 -1
664639 925795 5 -1
626334 852383 5 -1
669690 842110 5 -1
653177 819935 5 -1
674265 861435 5 -1
677404 883871 5 -1
672212 860894 5 -1
715956 900724 5 -1
674236 877152 5 -1
679818 860064 5 -1
578509 923881 5 -1
680381 823757 5 -1
720629 816515 5 -1
640210 902029 5 -1
671772 860357 5 -1
618009 867493 5 -1
672628 882986 5 -1
680261 863401 5 -1
682100 853708 5 -1
681049 846975 5 -1
668567 856554 5 -1
656957 871011 5 -1
662293 872590 5 -1
673953 835926 5 -1
718544 888401 5 -1
648590 917839 5 -1
699124 824089 5 -1
668367 855686 5 -1
675866 868784 5 -1
700098 894685 5 -1
683156 877209 5 -1
661357 801817 5 -1
789095 895634 5 -1
673332 857517 5 -1
627452 835854 5 -1
672059 860501 5 -1
665048 854911 5 -1
683580 872374 5 -1
668839 882598 5 -1
682510 905902 5 -1
671235 856653 5 -1
680228 843225 5 -1
662249 918050 5 -1
674961 865594 5 -1
679211 886670 5 -1
676220 858214 5 -1
567861 856582 5 -1
668228 858122 5 -1
682241 850176 5 -1
712262 856869 5 -1
671325 856592 5 -1
680592 858526 5 -1
683098 847245 5 -1
646816 829778 5 -1
675633 863416 5 -1
677551 860007 5 -1
683656 842406 5 -1
678195 860537 5 -1
700747 821557 5 -1
679054 898217 5 -1
676360 866112 5 -1
665308 868551 5 -1
665775 845662 5 -1
660459 860658 5 -1
670119 859029 5 -1
672068 874862 5 -1
644301 925034 5 -1
704574 866263 5 -1
665660 828338 5 -1
680579 836946 5 -1
682053 853410 5 -1
672544 859978 5 -1
713088 880834 5 -1
680969 838864 5 -1
674151 853540 5 -1
664903 839150 5 -1
641902 755287 5 -1
683610 910782 5 -1
676962 897430 5 -1
594720 848457 5 -1
658748 777680 5 -1
700341 869730 5 -1
640432 837036 5 -1
668519 860048 5 -1
672668 861428 5 -1
638004 837697 5 -1
673071 856021 5 -1
668772 858570 5 -1
636871 929410 5 -1
599612 859210 5 -1
739318 810528 5 -1
654937 781879 5 -1
663095 949045 5 -1
658734 883214 5 -1
647968 877873 5 -1
682699 851115 5 -1
684739 884934 5 -1
667620 855461 5 -1
616281 845406 5 -1
697161 840318 5 -1
679237 862389 5 -1
664260 859029 5 -1
674121 858589 5 -1
700962 927047 5 -1
723397 859761 5 -1
648230 857418 5 -1
677896 867053 5 -1
680828 839011 5 -1
680757 826912 5 -1
673826 880137 5 -1
694897 834591 5 -1
683585 905984 5 -1
671609 815681 5 -1
669748 863109 5 -1
674659 860894 5 -1
659734 844127 5 -1
656156 868643 5 -1
653258 860766 5 -1
684131 898331 5 -1
666516 859837 5 -1
655237 871554 5 -1
653592 959882 5 -1
659280 845579 5 -1
646422 900526 5 -1
627580 840406 5 -1
604546 847329 5 -1
631316 837043 5 -1
705518 925936 5 -1
662898 884734 5 -1
718088 852181 5 -1
666315 872311 5 -1
710082 881600 5 -1
674433 860605 5 -1
685821 816579 5 -1
678856 850293 5 -1
669427 846395 5 -1
687043 806921 5 -1
657981 866945 5 -1
676480 860779 5 -1
704065 832648 5 -1
669178 866011 5 -1
693783 860206 5 -1
683027 876064 5 -1
670957 810768 5 -1
674134 908464 5 -1
637665 858741 5 -1
664325 877878 5 -1
664025 801796 5 -1
672800 874378 5 -1
685124 873363 5 -1
674496 870664 5 -1
684602 823981 5 -1
677769 841641 5 -1
651576 865180 5 -1
650720 817440 5 -1
674472 860330 5 -1
673028 860593 5 -1
683413 861559 5 -1
669638 842011 5 -1
674365 860819 5 -1
687360 862438 5 -1
662684 813662 5 -1
673242 886958 5 -1
674311 859933 5 -1
595580 798572 5 -1
636769 854047 5 -1
685551 798742 5 -1
663945 828490 5 -1
717187 883275 5 -1
706906 885612 5 -1
675988 841317 5 -1
671976 864630 5 -1
669366 869654 5 -1
651216 815098 5 -1
676767 832479 5 -1
657879 857942 5 -1
665828 868934 5 -1
674905 876286 5 -1
640000 863831 5 -1
672818 881943 5 -1
634800 823669 5 -1
658590 886551 5 -1
639463 847461 5 -1
625416 868848 5 -1
672266 862875 5 -1
723173 872525 5 -1
688098 908495 5 -1
673410 863889 5 -1
679788 889464 5 -1
615826 863168 5 -1
598671 854219 5 -1
753254 840123 5 -1
669430 905798 5 -1
726847 875488 5 -1
648443 845340 5 -1
674114 970756 5 -1
675551 956849 5 -1
677459 896720 5 -1
634004 895206 5 -1
653745 809028 5 -1
682420 846881 5 -1
666636 858686 5 -1
682481 879399 5 -1
656834 885944 5 -1
718257 857481 5 -1
672598 856928 5 -1
693997 774817 5 -1
612392 916853 5 -1
671444 860206 5 -1
671404 857240 5 -1
689628 868984 5 -1
704570 845515 5 -1
652233 886054 5 -1
705929 851313 5 -1
682315 843851 5 -1
667131 849230 5 -1
707894 904500 5 -1
649345 864613 5 -1
629998 877765 5 -1
659542 840985 5 -1
621278 888326 5 -1
682304 876841 5 -1
679747 860939 5 -1
663049 843538 5 -1
672876 844123 5 -1
689948 850548 5 -1
696257 894819 5 -1
629377 853726 5 -1
658034 897179 5 -1
696808 866039 5 -1
699668 863774 5 -1
669697 859388 5 -1
606506 766728 5 -1
672474 868765 5 -1
697011 856357 5 -1
708262 945359 5 -1
653181 886417 5 -1
674521 861127 5 -1
729194 856897 5 -1
663168 859429 5 -1
644843 838626 5 -1
672797 843231 5 -1
680677 868629 5 -1
614497 830844 5 -1
646671 857872 5 -1
679242 853941 5 -1
665697 929571 5 -1
749941 916922 5 -1
602365 916673 5 -1
684537 843821 5 -1
694308 904062 5 -1
731712 878998 5 -1
667713 847241 5 -1
730383 879136 5 -1
689363 817577 5 -1
728743 850843 5 -1
683941 915579 5 -1
722463 882675 5 -1
670519 870010 5 -1
683252 858182 5 -1
669288 860515 5 -1
675357 870850 5 -1
673449 860643 5 -1
687325 883004 5 -1
603472 894573 5 -1
669713 851017 5 -1
693362 837786 5 -1
605535 925341 5 -1
687078 791051 5 -1
672387 800443 5 -1
683048 937776 5 -1
713579 879202 5 -1
571669 873544 5 -1
695260 824882 5 -1
702654 841548 5 -1
601619 825604 5 -1
564416 878492 5 -1
703773 870419 5 -1
674931 870112 5 -1
673140 864863 5 -1
681053 892766 5 -1
683321 873932 5 -1
701017 931252 5 -1
645677 814395 5 -1
677362 853471 5 -1
659046 930099 5 -1
665426 853940 5 -1
691827 863963 5 -1
650661 861267 5 -1
599647 858702 5 -1
684091 842566 5 -1
